Cycle  1
PC: 0000
Instruction: 20130064
Registers:
[0] 00000000
[1] 00000000
[2] 00000000
[3] 00000000
[4] 00000000
[5] 00000000
[6] 00000000
[7] 00000000
[8] 00000000
[9] 00000000
[10] 00000000
[11] 00000000
[12] 00000000
[13] 00000000
[14] 00000000
[15] 00000000
[16] 00000000
[17] 00000000
[18] 00000000
[19] 00000000
[20] 00000000
[21] 00000000
[22] 00000000
[23] 00000000
[24] 00000000
[25] 00000000
[26] 00000000
[27] 00000000
[28] 00000000
[29] 00000000
[30] 00000000
[31] 00000000
Memory I/O: 

Cycle  2
PC: 0004
Instruction: 3c10f0f1
Registers:
[0] 00000000
[1] 00000000
[2] 00000000
[3] 00000000
[4] 00000000
[5] 00000000
[6] 00000000
[7] 00000000
[8] 00000000
[9] 00000000
[10] 00000000
[11] 00000000
[12] 00000000
[13] 00000000
[14] 00000000
[15] 00000000
[16] 00000000
[17] 00000000
[18] 00000000
[19] 00000064
[20] 00000000
[21] 00000000
[22] 00000000
[23] 00000000
[24] 00000000
[25] 00000000
[26] 00000000
[27] 00000000
[28] 00000000
[29] 00000000
[30] 00000000
[31] 00000000
Memory I/O: 

Cycle  3
PC: 0008
Instruction: 3610f2f3
Registers:
[0] 00000000
[1] 00000000
[2] 00000000
[3] 00000000
[4] 00000000
[5] 00000000
[6] 00000000
[7] 00000000
[8] 00000000
[9] 00000000
[10] 00000000
[11] 00000000
[12] 00000000
[13] 00000000
[14] 00000000
[15] 00000000
[16] 00000000
[17] 00000000
[18] 00000000
[19] 00000064
[20] 00000000
[21] 00000000
[22] 00000000
[23] 00000000
[24] 00000000
[25] 00000000
[26] 00000000
[27] 00000000
[28] 00000000
[29] 00000000
[30] 00000000
[31] 00000000
Memory I/O: 

Cycle  4
PC: 000C
Instruction: ae700004
Registers:
[0] 00000000
[1] 00000000
[2] 00000000
[3] 00000000
[4] 00000000
[5] 00000000
[6] 00000000
[7] 00000000
[8] 00000000
[9] 00000000
[10] 00000000
[11] 00000000
[12] 00000000
[13] 00000000
[14] 00000000
[15] 00000000
[16] 00000000
[17] 00000000
[18] 00000000
[19] 00000064
[20] 00000000
[21] 00000000
[22] 00000000
[23] 00000000
[24] 00000000
[25] 00000000
[26] 00000000
[27] 00000000
[28] 00000000
[29] 00000000
[30] 00000000
[31] 00000000
Memory I/O: 

Cycle  5
PC: 0010
Instruction: 3c11f4f5
Registers:
[0] 00000000
[1] 00000000
[2] 00000000
[3] 00000000
[4] 00000000
[5] 00000000
[6] 00000000
[7] 00000000
[8] 00000000
[9] 00000000
[10] 00000000
[11] 00000000
[12] 00000000
[13] 00000000
[14] 00000000
[15] 00000000
[16] 00000000
[17] 00000000
[18] 00000000
[19] 00000064
[20] 00000000
[21] 00000000
[22] 00000000
[23] 00000000
[24] 00000000
[25] 00000000
[26] 00000000
[27] 00000000
[28] 00000000
[29] 00000000
[30] 00000000
[31] 00000000
Memory I/O: 

Cycle  6
PC: 0014
Instruction: 3631f6f7
Registers:
[0] 00000000
[1] 00000000
[2] 00000000
[3] 00000000
[4] 00000000
[5] 00000000
[6] 00000000
[7] 00000000
[8] 00000000
[9] 00000000
[10] 00000000
[11] 00000000
[12] 00000000
[13] 00000000
[14] 00000000
[15] 00000000
[16] F0F10000
[17] 00000000
[18] 00000000
[19] 00000064
[20] 00000000
[21] 00000000
[22] 00000000
[23] 00000000
[24] 00000000
[25] 00000000
[26] 00000000
[27] 00000000
[28] 00000000
[29] 00000000
[30] 00000000
[31] 00000000
Memory I/O: 

Cycle  7
PC: 0018
Instruction: ae710008
Registers:
[0] 00000000
[1] 00000000
[2] 00000000
[3] 00000000
[4] 00000000
[5] 00000000
[6] 00000000
[7] 00000000
[8] 00000000
[9] 00000000
[10] 00000000
[11] 00000000
[12] 00000000
[13] 00000000
[14] 00000000
[15] 00000000
[16] FFFFF2F3
[17] 00000000
[18] 00000000
[19] 00000064
[20] 00000000
[21] 00000000
[22] 00000000
[23] 00000000
[24] 00000000
[25] 00000000
[26] 00000000
[27] 00000000
[28] 00000000
[29] 00000000
[30] 00000000
[31] 00000000
Memory I/O: W 4 0068 00000000

Cycle  8
PC: 001C
Instruction: 20080003
Registers:
[0] 00000000
[1] 00000000
[2] 00000000
[3] 00000000
[4] 00000000
[5] 00000000
[6] 00000000
[7] 00000000
[8] 00000000
[9] 00000000
[10] 00000000
[11] 00000000
[12] 00000000
[13] 00000000
[14] 00000000
[15] 00000000
[16] FFFFF2F3
[17] 00000000
[18] 00000000
[19] 00000064
[20] 00000000
[21] 00000000
[22] 00000000
[23] 00000000
[24] 00000000
[25] 00000000
[26] 00000000
[27] 00000000
[28] 00000000
[29] 00000000
[30] 00000000
[31] 00000000
Memory I/O: 

Cycle  9
PC: 0020
Instruction: 81090004
Registers:
[0] 00000000
[1] 00000000
[2] 00000000
[3] 00000000
[4] 00000000
[5] 00000000
[6] 00000000
[7] 00000000
[8] 00000003
[9] 00000000
[10] 00000000
[11] 00000000
[12] 00000000
[13] 00000000
[14] 00000000
[15] 00000000
[16] FFFFF2F3
[17] F4F50000
[18] 00000000
[19] 00000064
[20] 00000000
[21] 00000000
[22] 00000000
[23] 00000000
[24] 00000000
[25] 00000000
[26] 00000000
[27] 00000000
[28] 00000000
[29] 00000000
[30] 00000000
[31] 00000000
Memory I/O: 

Cycle  10
PC: 0024
Instruction: 910a0004
Registers:
[0] 00000000
[1] 00000000
[2] 00000000
[3] 00000000
[4] 00000000
[5] 00000000
[6] 00000000
[7] 00000000
[8] 00000003
[9] 00000000
[10] 00000000
[11] 00000000
[12] 00000000
[13] 00000000
[14] 00000000
[15] 00000000
[16] FFFFF2F3
[17] FFFFF6F7
[18] 00000000
[19] 00000064
[20] 00000000
[21] 00000000
[22] 00000000
[23] 00000000
[24] 00000000
[25] 00000000
[26] 00000000
[27] 00000000
[28] 00000000
[29] 00000000
[30] 00000000
[31] 00000000
Memory I/O: W 4 006C 00000000

Cycle  11
PC: 0028
Instruction: 00086840
Registers:
[0] 00000000
[1] 00000000
[2] 00000000
[3] 00000000
[4] 00000000
[5] 00000000
[6] 00000000
[7] 00000000
[8] 00000003
[9] 00000000
[10] 00000000
[11] 00000000
[12] 00000000
[13] 00000000
[14] 00000000
[15] 00000000
[16] FFFFF2F3
[17] FFFFF6F7
[18] 00000000
[19] 00000064
[20] 00000000
[21] 00000000
[22] 00000000
[23] 00000000
[24] 00000000
[25] 00000000
[26] 00000000
[27] 00000000
[28] 00000000
[29] 00000000
[30] 00000000
[31] 00000000
Memory I/O: 

Cycle  12
PC: 002C
Instruction: 85ab0004
Registers:
[0] 00000000
[1] 00000000
[2] 00000000
[3] 00000000
[4] 00000000
[5] 00000000
[6] 00000000
[7] 00000000
[8] 00000000
[9] 00000000
[10] 00000000
[11] 00000000
[12] 00000000
[13] 00000000
[14] 00000000
[15] 00000000
[16] FFFFF2F3
[17] FFFFF6F7
[18] 00000000
[19] 00000064
[20] 00000000
[21] 00000000
[22] 00000000
[23] 00000000
[24] 00000000
[25] 00000000
[26] 00000000
[27] 00000000
[28] 00000000
[29] 00000000
[30] 00000000
[31] 00000000
Memory I/O: R 1 0007 00

Cycle  13
PC: 0030
Instruction: 95ac0004
Registers:
[0] 00000000
[1] 00000000
[2] 00000000
[3] 00000000
[4] 00000000
[5] 00000000
[6] 00000000
[7] 00000000
[8] 00000000
[9] 00000000
[10] 00000000
[11] 00000000
[12] 00000000
[13] 00000000
[14] 00000000
[15] 00000000
[16] FFFFF2F3
[17] FFFFF6F7
[18] 00000000
[19] 00000064
[20] 00000000
[21] 00000000
[22] 00000000
[23] 00000000
[24] 00000000
[25] 00000000
[26] 00000000
[27] 00000000
[28] 00000000
[29] 00000000
[30] 00000000
[31] 00000000
Memory I/O: R 1 0007 00

Cycle  14
PC: 0034
Instruction: 11000004
Registers:
[0] 00000000
[1] 00000000
[2] 00000000
[3] 00000000
[4] 00000000
[5] 00000000
[6] 00000000
[7] 00000000
[8] 00000000
[9] 00000000
[10] 00000000
[11] 00000000
[12] 00000000
[13] 00000000
[14] 00000000
[15] 00000000
[16] FFFFF2F3
[17] FFFFF6F7
[18] 00000000
[19] 00000064
[20] 00000000
[21] 00000000
[22] 00000000
[23] 00000000
[24] 00000000
[25] 00000000
[26] 00000000
[27] 00000000
[28] 00000000
[29] 00000000
[30] 00000000
[31] 00000000
Memory I/O: 

Cycle  15
PC: 0034
Instruction: 11000004
Registers:
[0] 00000000
[1] 00000000
[2] 00000000
[3] 00000000
[4] 00000000
[5] 00000000
[6] 00000000
[7] 00000000
[8] 00000000
[9] 00000000
[10] 00000000
[11] 00000000
[12] 00000000
[13] 00000003
[14] 00000000
[15] 00000000
[16] FFFFF2F3
[17] FFFFF6F7
[18] 00000000
[19] 00000064
[20] 00000000
[21] 00000000
[22] 00000000
[23] 00000000
[24] 00000000
[25] 00000000
[26] 00000000
[27] 00000000
[28] 00000000
[29] 00000000
[30] 00000000
[31] 00000000
Memory I/O: R 2 0004 0000

Cycle  16
PC: 0034
Instruction: 11000004
Registers:
[0] 00000000
[1] 00000000
[2] 00000000
[3] 00000000
[4] 00000000
[5] 00000000
[6] 00000000
[7] 00000000
[8] 00000000
[9] 00000000
[10] 00000000
[11] 00000000
[12] 00000000
[13] 00000003
[14] 00000000
[15] 00000000
[16] FFFFF2F3
[17] FFFFF6F7
[18] 00000000
[19] 00000064
[20] 00000000
[21] 00000000
[22] 00000000
[23] 00000000
[24] 00000000
[25] 00000000
[26] 00000000
[27] 00000000
[28] 00000000
[29] 00000000
[30] 00000000
[31] 00000000
Memory I/O: R 2 0004 0000

Cycle  17
PC: 004C
Instruction: 00000000
Registers:
[0] 00000000
[1] 00000000
[2] 00000000
[3] 00000000
[4] 00000000
[5] 00000000
[6] 00000000
[7] 00000000
[8] 00000000
[9] 00000000
[10] 00000000
[11] 00000000
[12] 00000000
[13] 00000003
[14] 00000000
[15] 00000000
[16] FFFFF2F3
[17] FFFFF6F7
[18] 00000000
[19] 00000064
[20] 00000000
[21] 00000000
[22] 00000000
[23] 00000000
[24] 00000000
[25] 00000000
[26] 00000000
[27] 00000000
[28] 00000000
[29] 00000000
[30] 00000000
[31] 00000000
Memory I/O: 

