Cycle  1
PC: 0000
Instruction: 3c10ffff
Registers:
[0] 00000000
[1] 00000000
[2] 00000000
[3] 00000000
[4] 00000000
[5] 00000000
[6] 00000000
[7] 00000000
[8] 00000000
[9] 00000000
[10] 00000000
[11] 00000000
[12] 00000000
[13] 00000000
[14] 00000000
[15] 00000000
[16] 00000000
[17] 00000000
[18] 00000000
[19] 00000000
[20] 00000000
[21] 00000000
[22] 00000000
[23] 00000000
[24] 00000000
[25] 00000000
[26] 00000000
[27] 00000000
[28] 00000000
[29] 00000000
[30] 00000000
[31] 00000000
Memory I/O: 

Cycle  2
PC: 0004
Instruction: 3610ffff
Registers:
[0] 00000000
[1] 00000000
[2] 00000000
[3] 00000000
[4] 00000000
[5] 00000000
[6] 00000000
[7] 00000000
[8] 00000000
[9] 00000000
[10] 00000000
[11] 00000000
[12] 00000000
[13] 00000000
[14] 00000000
[15] 00000000
[16] 00000000
[17] 00000000
[18] 00000000
[19] 00000000
[20] 00000000
[21] 00000000
[22] 00000000
[23] 00000000
[24] 00000000
[25] 00000000
[26] 00000000
[27] 00000000
[28] 00000000
[29] 00000000
[30] 00000000
[31] 00000000
Memory I/O: 

Cycle  3
PC: 0008
Instruction: 34110001
Registers:
[0] 00000000
[1] 00000000
[2] 00000000
[3] 00000000
[4] 00000000
[5] 00000000
[6] 00000000
[7] 00000000
[8] 00000000
[9] 00000000
[10] 00000000
[11] 00000000
[12] 00000000
[13] 00000000
[14] 00000000
[15] 00000000
[16] 00000000
[17] 00000000
[18] 00000000
[19] 00000000
[20] 00000000
[21] 00000000
[22] 00000000
[23] 00000000
[24] 00000000
[25] 00000000
[26] 00000000
[27] 00000000
[28] 00000000
[29] 00000000
[30] 00000000
[31] 00000000
Memory I/O: 

Cycle  4
PC: 000C
Instruction: 0211402a
Registers:
[0] 00000000
[1] 00000000
[2] 00000000
[3] 00000000
[4] 00000000
[5] 00000000
[6] 00000000
[7] 00000000
[8] 00000000
[9] 00000000
[10] 00000000
[11] 00000000
[12] 00000000
[13] 00000000
[14] 00000000
[15] 00000000
[16] 00000000
[17] 00000001
[18] 00000000
[19] 00000000
[20] 00000000
[21] 00000000
[22] 00000000
[23] 00000000
[24] 00000000
[25] 00000000
[26] 00000000
[27] 00000000
[28] 00000000
[29] 00000000
[30] 00000000
[31] 00000000
Memory I/O: 

Cycle  5
PC: 0010
Instruction: 0211482b
Registers:
[0] 00000000
[1] 00000000
[2] 00000000
[3] 00000000
[4] 00000000
[5] 00000000
[6] 00000000
[7] 00000000
[8] 00000000
[9] 00000000
[10] 00000000
[11] 00000000
[12] 00000000
[13] 00000000
[14] 00000000
[15] 00000000
[16] FFFF0000
[17] 00000001
[18] 00000000
[19] 00000000
[20] 00000000
[21] 00000000
[22] 00000000
[23] 00000000
[24] 00000000
[25] 00000000
[26] 00000000
[27] 00000000
[28] 00000000
[29] 00000000
[30] 00000000
[31] 00000000
Memory I/O: 

Cycle  6
PC: 0014
Instruction: 1000ffff
Registers:
[0] 00000000
[1] 00000000
[2] 00000000
[3] 00000000
[4] 00000000
[5] 00000000
[6] 00000000
[7] 00000000
[8] 00000000
[9] 00000000
[10] 00000000
[11] 00000000
[12] 00000000
[13] 00000000
[14] 00000000
[15] 00000000
[16] FFFFFFFF
[17] 00000001
[18] 00000000
[19] 00000000
[20] 00000000
[21] 00000000
[22] 00000000
[23] 00000000
[24] 00000000
[25] 00000000
[26] 00000000
[27] 00000000
[28] 00000000
[29] 00000000
[30] 00000000
[31] 00000000
Memory I/O: 

Cycle  7
PC: 0014
Instruction: 1000ffff
Registers:
[0] 00000000
[1] 00000000
[2] 00000000
[3] 00000000
[4] 00000000
[5] 00000000
[6] 00000000
[7] 00000000
[8] 00000000
[9] 00000000
[10] 00000000
[11] 00000000
[12] 00000000
[13] 00000000
[14] 00000000
[15] 00000000
[16] FFFFFFFF
[17] 00000001
[18] 00000000
[19] 00000000
[20] 00000000
[21] 00000000
[22] 00000000
[23] 00000000
[24] 00000000
[25] 00000000
[26] 00000000
[27] 00000000
[28] 00000000
[29] 00000000
[30] 00000000
[31] 00000000
Memory I/O: 

Cycle  8
PC: 0014
Instruction: 1000ffff
Registers:
[0] 00000000
[1] 00000000
[2] 00000000
[3] 00000000
[4] 00000000
[5] 00000000
[6] 00000000
[7] 00000000
[8] 00000001
[9] 00000000
[10] 00000000
[11] 00000000
[12] 00000000
[13] 00000000
[14] 00000000
[15] 00000000
[16] FFFFFFFF
[17] 00000001
[18] 00000000
[19] 00000000
[20] 00000000
[21] 00000000
[22] 00000000
[23] 00000000
[24] 00000000
[25] 00000000
[26] 00000000
[27] 00000000
[28] 00000000
[29] 00000000
[30] 00000000
[31] 00000000
Memory I/O: 

