Cycle  1
PC: 0000
Instruction: 3c1dffff
Registers:
[0] 00000000
[1] 00000000
[2] 00000000
[3] 00000000
[4] 00000000
[5] 00000000
[6] 00000000
[7] 00000000
[8] 00000000
[9] 00000000
[10] 00000000
[11] 00000000
[12] 00000000
[13] 00000000
[14] 00000000
[15] 00000000
[16] 00000000
[17] 00000000
[18] 00000000
[19] 00000000
[20] 00000000
[21] 00000000
[22] 00000000
[23] 00000000
[24] 00000000
[25] 00000000
[26] 00000000
[27] 00000000
[28] 00000000
[29] 00000000
[30] 00000000
[31] 00000000
Memory I/O: 

Cycle  2
PC: 0004
Instruction: 37bdfff0
Registers:
[0] 00000000
[1] 00000000
[2] 00000000
[3] 00000000
[4] 00000000
[5] 00000000
[6] 00000000
[7] 00000000
[8] 00000000
[9] 00000000
[10] 00000000
[11] 00000000
[12] 00000000
[13] 00000000
[14] 00000000
[15] 00000000
[16] 00000000
[17] 00000000
[18] 00000000
[19] 00000000
[20] 00000000
[21] 00000000
[22] 00000000
[23] 00000000
[24] 00000000
[25] 00000000
[26] 00000000
[27] 00000000
[28] 00000000
[29] 00000000
[30] 00000000
[31] 00000000
Memory I/O: 

Cycle  3
PC: 0008
Instruction: 34040100
Registers:
[0] 00000000
[1] 00000000
[2] 00000000
[3] 00000000
[4] 00000000
[5] 00000000
[6] 00000000
[7] 00000000
[8] 00000000
[9] 00000000
[10] 00000000
[11] 00000000
[12] 00000000
[13] 00000000
[14] 00000000
[15] 00000000
[16] 00000000
[17] 00000000
[18] 00000000
[19] 00000000
[20] 00000000
[21] 00000000
[22] 00000000
[23] 00000000
[24] 00000000
[25] 00000000
[26] 00000000
[27] 00000000
[28] 00000000
[29] 00000000
[30] 00000000
[31] 00000000
Memory I/O: 

Cycle  4
PC: 000C
Instruction: ac800000
Registers:
[0] 00000000
[1] 00000000
[2] 00000000
[3] 00000000
[4] 00000100
[5] 00000000
[6] 00000000
[7] 00000000
[8] 00000000
[9] 00000000
[10] 00000000
[11] 00000000
[12] 00000000
[13] 00000000
[14] 00000000
[15] 00000000
[16] 00000000
[17] 00000000
[18] 00000000
[19] 00000000
[20] 00000000
[21] 00000000
[22] 00000000
[23] 00000000
[24] 00000000
[25] 00000000
[26] 00000000
[27] 00000000
[28] 00000000
[29] 00000000
[30] 00000000
[31] 00000000
Memory I/O: 

Cycle  5
PC: 0010
Instruction: 34080001
Registers:
[0] 00000000
[1] 00000000
[2] 00000000
[3] 00000000
[4] 00000100
[5] 00000000
[6] 00000000
[7] 00000000
[8] 00000000
[9] 00000000
[10] 00000000
[11] 00000000
[12] 00000000
[13] 00000000
[14] 00000000
[15] 00000000
[16] 00000000
[17] 00000000
[18] 00000000
[19] 00000000
[20] 00000000
[21] 00000000
[22] 00000000
[23] 00000000
[24] 00000000
[25] 00000000
[26] 00000000
[27] 00000000
[28] 00000000
[29] FFFF0000
[30] 00000000
[31] 00000000
Memory I/O: 

Cycle  6
PC: 0014
Instruction: ac880004
Registers:
[0] 00000000
[1] 00000000
[2] 00000000
[3] 00000000
[4] 00000100
[5] 00000000
[6] 00000000
[7] 00000000
[8] 00000001
[9] 00000000
[10] 00000000
[11] 00000000
[12] 00000000
[13] 00000000
[14] 00000000
[15] 00000000
[16] 00000000
[17] 00000000
[18] 00000000
[19] 00000000
[20] 00000000
[21] 00000000
[22] 00000000
[23] 00000000
[24] 00000000
[25] 00000000
[26] 00000000
[27] 00000000
[28] 00000000
[29] FFFFFFF0
[30] 00000000
[31] 00000000
Memory I/O: 

Cycle  7
PC: 0018
Instruction: 34050002
Registers:
[0] 00000000
[1] 00000000
[2] 00000000
[3] 00000000
[4] 00000100
[5] 00000000
[6] 00000000
[7] 00000000
[8] 00000001
[9] 00000000
[10] 00000000
[11] 00000000
[12] 00000000
[13] 00000000
[14] 00000000
[15] 00000000
[16] 00000000
[17] 00000000
[18] 00000000
[19] 00000000
[20] 00000000
[21] 00000000
[22] 00000000
[23] 00000000
[24] 00000000
[25] 00000000
[26] 00000000
[27] 00000000
[28] 00000000
[29] FFFFFFF0
[30] 00000000
[31] 00000000
Memory I/O: W 4 0100 00000000

Cycle  8
PC: 001C
Instruction: 3406000c
Registers:
[0] 00000000
[1] 00000000
[2] 00000000
[3] 00000000
[4] 00000100
[5] 00000002
[6] 00000000
[7] 00000000
[8] 00000001
[9] 00000000
[10] 00000000
[11] 00000000
[12] 00000000
[13] 00000000
[14] 00000000
[15] 00000000
[16] 00000000
[17] 00000000
[18] 00000000
[19] 00000000
[20] 00000000
[21] 00000000
[22] 00000000
[23] 00000000
[24] 00000000
[25] 00000000
[26] 00000000
[27] 00000000
[28] 00000000
[29] FFFFFFF0
[30] 00000000
[31] 00000000
Memory I/O: 

Cycle  9
PC: 0020
Instruction: 0c00000c
Registers:
[0] 00000000
[1] 00000000
[2] 00000000
[3] 00000000
[4] 00000100
[5] 00000002
[6] 0000000C
[7] 00000000
[8] 00000001
[9] 00000000
[10] 00000000
[11] 00000000
[12] 00000000
[13] 00000000
[14] 00000000
[15] 00000000
[16] 00000000
[17] 00000000
[18] 00000000
[19] 00000000
[20] 00000000
[21] 00000000
[22] 00000000
[23] 00000000
[24] 00000000
[25] 00000000
[26] 00000000
[27] 00000000
[28] 00000000
[29] FFFFFFF0
[30] 00000000
[31] 00000000
Memory I/O: W 4 0104 00000001

Cycle  10
PC: 0030
Instruction: 23bdfffc
Registers:
[0] 00000000
[1] 00000000
[2] 00000000
[3] 00000000
[4] 00000100
[5] 00000002
[6] 0000000C
[7] 00000000
[8] 00000001
[9] 00000000
[10] 00000000
[11] 00000000
[12] 00000000
[13] 00000000
[14] 00000000
[15] 00000000
[16] 00000000
[17] 00000000
[18] 00000000
[19] 00000000
[20] 00000000
[21] 00000000
[22] 00000000
[23] 00000000
[24] 00000000
[25] 00000000
[26] 00000000
[27] 00000000
[28] 00000000
[29] FFFFFFF0
[30] 00000000
[31] 00000000
Memory I/O: 

Cycle  11
PC: 0034
Instruction: afbf0000
Registers:
[0] 00000000
[1] 00000000
[2] 00000000
[3] 00000000
[4] 00000100
[5] 00000002
[6] 0000000C
[7] 00000000
[8] 00000001
[9] 00000000
[10] 00000000
[11] 00000000
[12] 00000000
[13] 00000000
[14] 00000000
[15] 00000000
[16] 00000000
[17] 00000000
[18] 00000000
[19] 00000000
[20] 00000000
[21] 00000000
[22] 00000000
[23] 00000000
[24] 00000000
[25] 00000000
[26] 00000000
[27] 00000000
[28] 00000000
[29] FFFFFFF0
[30] 00000000
[31] 00000000
Memory I/O: 

Cycle  12
PC: 0038
Instruction: 20a5ffff
Registers:
[0] 00000000
[1] 00000000
[2] 00000000
[3] 00000000
[4] 00000100
[5] 00000002
[6] 0000000C
[7] 00000000
[8] 00000001
[9] 00000000
[10] 00000000
[11] 00000000
[12] 00000000
[13] 00000000
[14] 00000000
[15] 00000000
[16] 00000000
[17] 00000000
[18] 00000000
[19] 00000000
[20] 00000000
[21] 00000000
[22] 00000000
[23] 00000000
[24] 00000000
[25] 00000000
[26] 00000000
[27] 00000000
[28] 00000000
[29] FFFFFFF0
[30] 00000000
[31] 00000000
Memory I/O: 

Cycle  13
PC: 003C
Instruction: 0c000019
Registers:
[0] 00000000
[1] 00000000
[2] 00000000
[3] 00000000
[4] 00000100
[5] 00000002
[6] 0000000C
[7] 00000000
[8] 00000001
[9] 00000000
[10] 00000000
[11] 00000000
[12] 00000000
[13] 00000000
[14] 00000000
[15] 00000000
[16] 00000000
[17] 00000000
[18] 00000000
[19] 00000000
[20] 00000000
[21] 00000000
[22] 00000000
[23] 00000000
[24] 00000000
[25] 00000000
[26] 00000000
[27] 00000000
[28] 00000000
[29] FFFFFFF0
[30] 00000000
[31] 00000000
Memory I/O: 

Cycle  14
PC: 0064
Instruction: 00054080
Registers:
[0] 00000000
[1] 00000000
[2] 00000000
[3] 00000000
[4] 00000100
[5] 00000002
[6] 0000000C
[7] 00000000
[8] 00000001
[9] 00000000
[10] 00000000
[11] 00000000
[12] 00000000
[13] 00000000
[14] 00000000
[15] 00000000
[16] 00000000
[17] 00000000
[18] 00000000
[19] 00000000
[20] 00000000
[21] 00000000
[22] 00000000
[23] 00000000
[24] 00000000
[25] 00000000
[26] 00000000
[27] 00000000
[28] 00000000
[29] FFFFFFEC
[30] 00000000
[31] 00000000
Memory I/O: W 4 FFF0 00000000

Cycle  15
PC: 0068
Instruction: 00884820
Registers:
[0] 00000000
[1] 00000000
[2] 00000000
[3] 00000000
[4] 00000100
[5] 00000000
[6] 0000000C
[7] 00000000
[8] 00000001
[9] 00000000
[10] 00000000
[11] 00000000
[12] 00000000
[13] 00000000
[14] 00000000
[15] 00000000
[16] 00000000
[17] 00000000
[18] 00000000
[19] 00000000
[20] 00000000
[21] 00000000
[22] 00000000
[23] 00000000
[24] 00000000
[25] 00000000
[26] 00000000
[27] 00000000
[28] 00000000
[29] FFFFFFEC
[30] 00000000
[31] 00000000
Memory I/O: 

Cycle  16
PC: 006C
Instruction: 8d220000
Registers:
[0] 00000000
[1] 00000000
[2] 00000000
[3] 00000000
[4] 00000100
[5] 00000001
[6] 0000000C
[7] 00000000
[8] 00000001
[9] 00000000
[10] 00000000
[11] 00000000
[12] 00000000
[13] 00000000
[14] 00000000
[15] 00000000
[16] 00000000
[17] 00000000
[18] 00000000
[19] 00000000
[20] 00000000
[21] 00000000
[22] 00000000
[23] 00000000
[24] 00000000
[25] 00000000
[26] 00000000
[27] 00000000
[28] 00000000
[29] FFFFFFEC
[30] 00000000
[31] 00000000
Memory I/O: 

Cycle  17
PC: 0070
Instruction: 03e00008
Registers:
[0] 00000000
[1] 00000000
[2] 00000000
[3] 00000000
[4] 00000100
[5] 00000001
[6] 0000000C
[7] 00000000
[8] 00000001
[9] 00000000
[10] 00000000
[11] 00000000
[12] 00000000
[13] 00000000
[14] 00000000
[15] 00000000
[16] 00000000
[17] 00000000
[18] 00000000
[19] 00000000
[20] 00000000
[21] 00000000
[22] 00000000
[23] 00000000
[24] 00000000
[25] 00000000
[26] 00000000
[27] 00000000
[28] 00000000
[29] FFFFFFEC
[30] 00000000
[31] 00000000
Memory I/O: 

Cycle  18
PC: 0040
Instruction: 204a0000
Registers:
[0] 00000000
[1] 00000000
[2] 00000000
[3] 00000000
[4] 00000100
[5] 00000001
[6] 0000000C
[7] 00000000
[8] 00000002
[9] 00000000
[10] 00000000
[11] 00000000
[12] 00000000
[13] 00000000
[14] 00000000
[15] 00000000
[16] 00000000
[17] 00000000
[18] 00000000
[19] 00000000
[20] 00000000
[21] 00000000
[22] 00000000
[23] 00000000
[24] 00000000
[25] 00000000
[26] 00000000
[27] 00000000
[28] 00000000
[29] FFFFFFEC
[30] 00000000
[31] 00000000
Memory I/O: 

Cycle  19
PC: 0044
Instruction: 20a5ffff
Registers:
[0] 00000000
[1] 00000000
[2] 00000000
[3] 00000000
[4] 00000100
[5] 00000001
[6] 0000000C
[7] 00000000
[8] 00000002
[9] 00000101
[10] 00000000
[11] 00000000
[12] 00000000
[13] 00000000
[14] 00000000
[15] 00000000
[16] 00000000
[17] 00000000
[18] 00000000
[19] 00000000
[20] 00000000
[21] 00000000
[22] 00000000
[23] 00000000
[24] 00000000
[25] 00000000
[26] 00000000
[27] 00000000
[28] 00000000
[29] FFFFFFEC
[30] 00000000
[31] 00000000
Memory I/O: R 4 0000 00000000

Cycle  20
PC: 0048
Instruction: 0c000019
Registers:
[0] 00000000
[1] 00000000
[2] 00000000
[3] 00000000
[4] 00000100
[5] 00000001
[6] 0000000C
[7] 00000000
[8] 00000002
[9] 00000101
[10] 00000000
[11] 00000000
[12] 00000000
[13] 00000000
[14] 00000000
[15] 00000000
[16] 00000000
[17] 00000000
[18] 00000000
[19] 00000000
[20] 00000000
[21] 00000000
[22] 00000000
[23] 00000000
[24] 00000000
[25] 00000000
[26] 00000000
[27] 00000000
[28] 00000000
[29] FFFFFFEC
[30] 00000000
[31] 00000000
Memory I/O: 

Cycle  21
PC: 0064
Instruction: 00054080
Registers:
[0] 00000000
[1] 00000000
[2] 00000000
[3] 00000000
[4] 00000100
[5] 00000001
[6] 0000000C
[7] 00000000
[8] 00000002
[9] 00000101
[10] 00000000
[11] 00000000
[12] 00000000
[13] 00000000
[14] 00000000
[15] 00000000
[16] 00000000
[17] 00000000
[18] 00000000
[19] 00000000
[20] 00000000
[21] 00000000
[22] 00000000
[23] 00000000
[24] 00000000
[25] 00000000
[26] 00000000
[27] 00000000
[28] 00000000
[29] FFFFFFEC
[30] 00000000
[31] 00000000
Memory I/O: 

Cycle  22
PC: 0068
Instruction: 00884820
Registers:
[0] 00000000
[1] 00000000
[2] 00000000
[3] 00000000
[4] 00000100
[5] 00000000
[6] 0000000C
[7] 00000000
[8] 00000002
[9] 00000101
[10] 00000000
[11] 00000000
[12] 00000000
[13] 00000000
[14] 00000000
[15] 00000000
[16] 00000000
[17] 00000000
[18] 00000000
[19] 00000000
[20] 00000000
[21] 00000000
[22] 00000000
[23] 00000000
[24] 00000000
[25] 00000000
[26] 00000000
[27] 00000000
[28] 00000000
[29] FFFFFFEC
[30] 00000000
[31] 00000000
Memory I/O: 

Cycle  23
PC: 006C
Instruction: 8d220000
Registers:
[0] 00000000
[1] 00000000
[2] 00000000
[3] 00000000
[4] 00000100
[5] 00000000
[6] 0000000C
[7] 00000000
[8] 00000002
[9] 00000101
[10] 00000000
[11] 00000000
[12] 00000000
[13] 00000000
[14] 00000000
[15] 00000000
[16] 00000000
[17] 00000000
[18] 00000000
[19] 00000000
[20] 00000000
[21] 00000000
[22] 00000000
[23] 00000000
[24] 00000000
[25] 00000000
[26] 00000000
[27] 00000000
[28] 00000000
[29] FFFFFFEC
[30] 00000000
[31] 00000000
Memory I/O: 

Cycle  24
PC: 0070
Instruction: 03e00008
Registers:
[0] 00000000
[1] 00000000
[2] 00000000
[3] 00000000
[4] 00000100
[5] 00000000
[6] 0000000C
[7] 00000000
[8] 00000002
[9] 00000101
[10] 00000000
[11] 00000000
[12] 00000000
[13] 00000000
[14] 00000000
[15] 00000000
[16] 00000000
[17] 00000000
[18] 00000000
[19] 00000000
[20] 00000000
[21] 00000000
[22] 00000000
[23] 00000000
[24] 00000000
[25] 00000000
[26] 00000000
[27] 00000000
[28] 00000000
[29] FFFFFFEC
[30] 00000000
[31] 00000000
Memory I/O: 

Cycle  25
PC: 004C
Instruction: 01421020
Registers:
[0] 00000000
[1] 00000000
[2] 00000000
[3] 00000000
[4] 00000100
[5] 00000000
[6] 0000000C
[7] 00000000
[8] 00000001
[9] 00000101
[10] 00000000
[11] 00000000
[12] 00000000
[13] 00000000
[14] 00000000
[15] 00000000
[16] 00000000
[17] 00000000
[18] 00000000
[19] 00000000
[20] 00000000
[21] 00000000
[22] 00000000
[23] 00000000
[24] 00000000
[25] 00000000
[26] 00000000
[27] 00000000
[28] 00000000
[29] FFFFFFEC
[30] 00000000
[31] 00000000
Memory I/O: 

Cycle  26
PC: 0050
Instruction: 20a50002
Registers:
[0] 00000000
[1] 00000000
[2] 00000000
[3] 00000000
[4] 00000100
[5] 00000000
[6] 0000000C
[7] 00000000
[8] 00000001
[9] 00000102
[10] 00000000
[11] 00000000
[12] 00000000
[13] 00000000
[14] 00000000
[15] 00000000
[16] 00000000
[17] 00000000
[18] 00000000
[19] 00000000
[20] 00000000
[21] 00000000
[22] 00000000
[23] 00000000
[24] 00000000
[25] 00000000
[26] 00000000
[27] 00000000
[28] 00000000
[29] FFFFFFEC
[30] 00000000
[31] 00000000
Memory I/O: R 4 0101 00000000

Cycle  27
PC: 0054
Instruction: 0c00001d
Registers:
[0] 00000000
[1] 00000000
[2] 00000000
[3] 00000000
[4] 00000100
[5] 00000000
[6] 0000000C
[7] 00000000
[8] 00000001
[9] 00000102
[10] 00000000
[11] 00000000
[12] 00000000
[13] 00000000
[14] 00000000
[15] 00000000
[16] 00000000
[17] 00000000
[18] 00000000
[19] 00000000
[20] 00000000
[21] 00000000
[22] 00000000
[23] 00000000
[24] 00000000
[25] 00000000
[26] 00000000
[27] 00000000
[28] 00000000
[29] FFFFFFEC
[30] 00000000
[31] 00000000
Memory I/O: 

Cycle  28
PC: 0074
Instruction: 00054080
Registers:
[0] 00000000
[1] 00000000
[2] 00000000
[3] 00000000
[4] 00000100
[5] 00000000
[6] 0000000C
[7] 00000000
[8] 00000001
[9] 00000102
[10] 00000000
[11] 00000000
[12] 00000000
[13] 00000000
[14] 00000000
[15] 00000000
[16] 00000000
[17] 00000000
[18] 00000000
[19] 00000000
[20] 00000000
[21] 00000000
[22] 00000000
[23] 00000000
[24] 00000000
[25] 00000000
[26] 00000000
[27] 00000000
[28] 00000000
[29] FFFFFFEC
[30] 00000000
[31] 00000000
Memory I/O: 

Cycle  29
PC: 0078
Instruction: 00884820
Registers:
[0] 00000000
[1] 00000000
[2] 00000000
[3] 00000000
[4] 00000100
[5] 00000000
[6] 0000000C
[7] 00000000
[8] 00000001
[9] 00000102
[10] 00000000
[11] 00000000
[12] 00000000
[13] 00000000
[14] 00000000
[15] 00000000
[16] 00000000
[17] 00000000
[18] 00000000
[19] 00000000
[20] 00000000
[21] 00000000
[22] 00000000
[23] 00000000
[24] 00000000
[25] 00000000
[26] 00000000
[27] 00000000
[28] 00000000
[29] FFFFFFEC
[30] 00000000
[31] 00000000
Memory I/O: 

Cycle  30
PC: 007C
Instruction: ad220000
Registers:
[0] 00000000
[1] 00000000
[2] 00000000
[3] 00000000
[4] 00000100
[5] 00000002
[6] 0000000C
[7] 00000000
[8] 00000001
[9] 00000102
[10] 00000000
[11] 00000000
[12] 00000000
[13] 00000000
[14] 00000000
[15] 00000000
[16] 00000000
[17] 00000000
[18] 00000000
[19] 00000000
[20] 00000000
[21] 00000000
[22] 00000000
[23] 00000000
[24] 00000000
[25] 00000000
[26] 00000000
[27] 00000000
[28] 00000000
[29] FFFFFFEC
[30] 00000000
[31] 00000000
Memory I/O: 

Cycle  31
PC: 0080
Instruction: 03e00008
Registers:
[0] 00000000
[1] 00000000
[2] 00000000
[3] 00000000
[4] 00000100
[5] 00000002
[6] 0000000C
[7] 00000000
[8] 00000001
[9] 00000102
[10] 00000000
[11] 00000000
[12] 00000000
[13] 00000000
[14] 00000000
[15] 00000000
[16] 00000000
[17] 00000000
[18] 00000000
[19] 00000000
[20] 00000000
[21] 00000000
[22] 00000000
[23] 00000000
[24] 00000000
[25] 00000000
[26] 00000000
[27] 00000000
[28] 00000000
[29] FFFFFFEC
[30] 00000000
[31] 00000000
Memory I/O: 

Cycle  32
PC: 0058
Instruction: 8fbf0000
Registers:
[0] 00000000
[1] 00000000
[2] 00000000
[3] 00000000
[4] 00000100
[5] 00000002
[6] 0000000C
[7] 00000000
[8] 00000000
[9] 00000102
[10] 00000000
[11] 00000000
[12] 00000000
[13] 00000000
[14] 00000000
[15] 00000000
[16] 00000000
[17] 00000000
[18] 00000000
[19] 00000000
[20] 00000000
[21] 00000000
[22] 00000000
[23] 00000000
[24] 00000000
[25] 00000000
[26] 00000000
[27] 00000000
[28] 00000000
[29] FFFFFFEC
[30] 00000000
[31] 00000000
Memory I/O: 

Cycle  33
PC: 005C
Instruction: 23bd0004
Registers:
[0] 00000000
[1] 00000000
[2] 00000000
[3] 00000000
[4] 00000100
[5] 00000002
[6] 0000000C
[7] 00000000
[8] 00000000
[9] 00000101
[10] 00000000
[11] 00000000
[12] 00000000
[13] 00000000
[14] 00000000
[15] 00000000
[16] 00000000
[17] 00000000
[18] 00000000
[19] 00000000
[20] 00000000
[21] 00000000
[22] 00000000
[23] 00000000
[24] 00000000
[25] 00000000
[26] 00000000
[27] 00000000
[28] 00000000
[29] FFFFFFEC
[30] 00000000
[31] 00000000
Memory I/O: W 4 0102 00000000

Cycle  34
PC: 0060
Instruction: 03e00008
Registers:
[0] 00000000
[1] 00000000
[2] 00000000
[3] 00000000
[4] 00000100
[5] 00000002
[6] 0000000C
[7] 00000000
[8] 00000000
[9] 00000101
[10] 00000000
[11] 00000000
[12] 00000000
[13] 00000000
[14] 00000000
[15] 00000000
[16] 00000000
[17] 00000000
[18] 00000000
[19] 00000000
[20] 00000000
[21] 00000000
[22] 00000000
[23] 00000000
[24] 00000000
[25] 00000000
[26] 00000000
[27] 00000000
[28] 00000000
[29] FFFFFFEC
[30] 00000000
[31] 00000000
Memory I/O: 

Cycle  35
PC: 0024
Instruction: 20a50001
Registers:
[0] 00000000
[1] 00000000
[2] 00000000
[3] 00000000
[4] 00000100
[5] 00000002
[6] 0000000C
[7] 00000000
[8] 00000000
[9] 00000101
[10] 00000000
[11] 00000000
[12] 00000000
[13] 00000000
[14] 00000000
[15] 00000000
[16] 00000000
[17] 00000000
[18] 00000000
[19] 00000000
[20] 00000000
[21] 00000000
[22] 00000000
[23] 00000000
[24] 00000000
[25] 00000000
[26] 00000000
[27] 00000000
[28] 00000000
[29] FFFFFFEC
[30] 00000000
[31] 00000000
Memory I/O: R 4 FFEC 00000000

Cycle  36
PC: 0028
Instruction: 14a6fffd
Registers:
[0] 00000000
[1] 00000000
[2] 00000000
[3] 00000000
[4] 00000100
[5] 00000002
[6] 0000000C
[7] 00000000
[8] 00000000
[9] 00000101
[10] 00000000
[11] 00000000
[12] 00000000
[13] 00000000
[14] 00000000
[15] 00000000
[16] 00000000
[17] 00000000
[18] 00000000
[19] 00000000
[20] 00000000
[21] 00000000
[22] 00000000
[23] 00000000
[24] 00000000
[25] 00000000
[26] 00000000
[27] 00000000
[28] 00000000
[29] FFFFFFEC
[30] 00000000
[31] 00000000
Memory I/O: 

Cycle  37
PC: 0028
Instruction: 14a6fffd
Registers:
[0] 00000000
[1] 00000000
[2] 00000000
[3] 00000000
[4] 00000100
[5] 00000002
[6] 0000000C
[7] 00000000
[8] 00000000
[9] 00000101
[10] 00000000
[11] 00000000
[12] 00000000
[13] 00000000
[14] 00000000
[15] 00000000
[16] 00000000
[17] 00000000
[18] 00000000
[19] 00000000
[20] 00000000
[21] 00000000
[22] 00000000
[23] 00000000
[24] 00000000
[25] 00000000
[26] 00000000
[27] 00000000
[28] 00000000
[29] FFFFFFF0
[30] 00000000
[31] 00000000
Memory I/O: 

Cycle  38
PC: 0028
Instruction: 14a6fffd
Registers:
[0] 00000000
[1] 00000000
[2] 00000000
[3] 00000000
[4] 00000100
[5] 00000002
[6] 0000000C
[7] 00000000
[8] 00000000
[9] 00000101
[10] 00000000
[11] 00000000
[12] 00000000
[13] 00000000
[14] 00000000
[15] 00000000
[16] 00000000
[17] 00000000
[18] 00000000
[19] 00000000
[20] 00000000
[21] 00000000
[22] 00000000
[23] 00000000
[24] 00000000
[25] 00000000
[26] 00000000
[27] 00000000
[28] 00000000
[29] FFFFFFF0
[30] 00000000
[31] 00000000
Memory I/O: 

Cycle  39
PC: 0024
Instruction: 20a50001
Registers:
[0] 00000000
[1] 00000000
[2] 00000000
[3] 00000000
[4] 00000100
[5] 00000003
[6] 0000000C
[7] 00000000
[8] 00000000
[9] 00000101
[10] 00000000
[11] 00000000
[12] 00000000
[13] 00000000
[14] 00000000
[15] 00000000
[16] 00000000
[17] 00000000
[18] 00000000
[19] 00000000
[20] 00000000
[21] 00000000
[22] 00000000
[23] 00000000
[24] 00000000
[25] 00000000
[26] 00000000
[27] 00000000
[28] 00000000
[29] FFFFFFF0
[30] 00000000
[31] 00000000
Memory I/O: 

Cycle  40
PC: 0028
Instruction: 14a6fffd
Registers:
[0] 00000000
[1] 00000000
[2] 00000000
[3] 00000000
[4] 00000100
[5] 00000003
[6] 0000000C
[7] 00000000
[8] 00000000
[9] 00000101
[10] 00000000
[11] 00000000
[12] 00000000
[13] 00000000
[14] 00000000
[15] 00000000
[16] 00000000
[17] 00000000
[18] 00000000
[19] 00000000
[20] 00000000
[21] 00000000
[22] 00000000
[23] 00000000
[24] 00000000
[25] 00000000
[26] 00000000
[27] 00000000
[28] 00000000
[29] FFFFFFF0
[30] 00000000
[31] 00000000
Memory I/O: 

Cycle  41
PC: 0028
Instruction: 14a6fffd
Registers:
[0] 00000000
[1] 00000000
[2] 00000000
[3] 00000000
[4] 00000100
[5] 00000003
[6] 0000000C
[7] 00000000
[8] 00000000
[9] 00000101
[10] 00000000
[11] 00000000
[12] 00000000
[13] 00000000
[14] 00000000
[15] 00000000
[16] 00000000
[17] 00000000
[18] 00000000
[19] 00000000
[20] 00000000
[21] 00000000
[22] 00000000
[23] 00000000
[24] 00000000
[25] 00000000
[26] 00000000
[27] 00000000
[28] 00000000
[29] FFFFFFF0
[30] 00000000
[31] 00000000
Memory I/O: 

Cycle  42
PC: 0028
Instruction: 14a6fffd
Registers:
[0] 00000000
[1] 00000000
[2] 00000000
[3] 00000000
[4] 00000100
[5] 00000003
[6] 0000000C
[7] 00000000
[8] 00000000
[9] 00000101
[10] 00000000
[11] 00000000
[12] 00000000
[13] 00000000
[14] 00000000
[15] 00000000
[16] 00000000
[17] 00000000
[18] 00000000
[19] 00000000
[20] 00000000
[21] 00000000
[22] 00000000
[23] 00000000
[24] 00000000
[25] 00000000
[26] 00000000
[27] 00000000
[28] 00000000
[29] FFFFFFF0
[30] 00000000
[31] 00000000
Memory I/O: 

Cycle  43
PC: 0024
Instruction: 20a50001
Registers:
[0] 00000000
[1] 00000000
[2] 00000000
[3] 00000000
[4] 00000100
[5] 00000004
[6] 0000000C
[7] 00000000
[8] 00000000
[9] 00000101
[10] 00000000
[11] 00000000
[12] 00000000
[13] 00000000
[14] 00000000
[15] 00000000
[16] 00000000
[17] 00000000
[18] 00000000
[19] 00000000
[20] 00000000
[21] 00000000
[22] 00000000
[23] 00000000
[24] 00000000
[25] 00000000
[26] 00000000
[27] 00000000
[28] 00000000
[29] FFFFFFF0
[30] 00000000
[31] 00000000
Memory I/O: 

Cycle  44
PC: 0028
Instruction: 14a6fffd
Registers:
[0] 00000000
[1] 00000000
[2] 00000000
[3] 00000000
[4] 00000100
[5] 00000004
[6] 0000000C
[7] 00000000
[8] 00000000
[9] 00000101
[10] 00000000
[11] 00000000
[12] 00000000
[13] 00000000
[14] 00000000
[15] 00000000
[16] 00000000
[17] 00000000
[18] 00000000
[19] 00000000
[20] 00000000
[21] 00000000
[22] 00000000
[23] 00000000
[24] 00000000
[25] 00000000
[26] 00000000
[27] 00000000
[28] 00000000
[29] FFFFFFF0
[30] 00000000
[31] 00000000
Memory I/O: 

Cycle  45
PC: 0028
Instruction: 14a6fffd
Registers:
[0] 00000000
[1] 00000000
[2] 00000000
[3] 00000000
[4] 00000100
[5] 00000004
[6] 0000000C
[7] 00000000
[8] 00000000
[9] 00000101
[10] 00000000
[11] 00000000
[12] 00000000
[13] 00000000
[14] 00000000
[15] 00000000
[16] 00000000
[17] 00000000
[18] 00000000
[19] 00000000
[20] 00000000
[21] 00000000
[22] 00000000
[23] 00000000
[24] 00000000
[25] 00000000
[26] 00000000
[27] 00000000
[28] 00000000
[29] FFFFFFF0
[30] 00000000
[31] 00000000
Memory I/O: 

Cycle  46
PC: 0028
Instruction: 14a6fffd
Registers:
[0] 00000000
[1] 00000000
[2] 00000000
[3] 00000000
[4] 00000100
[5] 00000004
[6] 0000000C
[7] 00000000
[8] 00000000
[9] 00000101
[10] 00000000
[11] 00000000
[12] 00000000
[13] 00000000
[14] 00000000
[15] 00000000
[16] 00000000
[17] 00000000
[18] 00000000
[19] 00000000
[20] 00000000
[21] 00000000
[22] 00000000
[23] 00000000
[24] 00000000
[25] 00000000
[26] 00000000
[27] 00000000
[28] 00000000
[29] FFFFFFF0
[30] 00000000
[31] 00000000
Memory I/O: 

Cycle  47
PC: 0024
Instruction: 20a50001
Registers:
[0] 00000000
[1] 00000000
[2] 00000000
[3] 00000000
[4] 00000100
[5] 00000005
[6] 0000000C
[7] 00000000
[8] 00000000
[9] 00000101
[10] 00000000
[11] 00000000
[12] 00000000
[13] 00000000
[14] 00000000
[15] 00000000
[16] 00000000
[17] 00000000
[18] 00000000
[19] 00000000
[20] 00000000
[21] 00000000
[22] 00000000
[23] 00000000
[24] 00000000
[25] 00000000
[26] 00000000
[27] 00000000
[28] 00000000
[29] FFFFFFF0
[30] 00000000
[31] 00000000
Memory I/O: 

Cycle  48
PC: 0028
Instruction: 14a6fffd
Registers:
[0] 00000000
[1] 00000000
[2] 00000000
[3] 00000000
[4] 00000100
[5] 00000005
[6] 0000000C
[7] 00000000
[8] 00000000
[9] 00000101
[10] 00000000
[11] 00000000
[12] 00000000
[13] 00000000
[14] 00000000
[15] 00000000
[16] 00000000
[17] 00000000
[18] 00000000
[19] 00000000
[20] 00000000
[21] 00000000
[22] 00000000
[23] 00000000
[24] 00000000
[25] 00000000
[26] 00000000
[27] 00000000
[28] 00000000
[29] FFFFFFF0
[30] 00000000
[31] 00000000
Memory I/O: 

Cycle  49
PC: 0028
Instruction: 14a6fffd
Registers:
[0] 00000000
[1] 00000000
[2] 00000000
[3] 00000000
[4] 00000100
[5] 00000005
[6] 0000000C
[7] 00000000
[8] 00000000
[9] 00000101
[10] 00000000
[11] 00000000
[12] 00000000
[13] 00000000
[14] 00000000
[15] 00000000
[16] 00000000
[17] 00000000
[18] 00000000
[19] 00000000
[20] 00000000
[21] 00000000
[22] 00000000
[23] 00000000
[24] 00000000
[25] 00000000
[26] 00000000
[27] 00000000
[28] 00000000
[29] FFFFFFF0
[30] 00000000
[31] 00000000
Memory I/O: 

Cycle  50
PC: 0028
Instruction: 14a6fffd
Registers:
[0] 00000000
[1] 00000000
[2] 00000000
[3] 00000000
[4] 00000100
[5] 00000005
[6] 0000000C
[7] 00000000
[8] 00000000
[9] 00000101
[10] 00000000
[11] 00000000
[12] 00000000
[13] 00000000
[14] 00000000
[15] 00000000
[16] 00000000
[17] 00000000
[18] 00000000
[19] 00000000
[20] 00000000
[21] 00000000
[22] 00000000
[23] 00000000
[24] 00000000
[25] 00000000
[26] 00000000
[27] 00000000
[28] 00000000
[29] FFFFFFF0
[30] 00000000
[31] 00000000
Memory I/O: 

Cycle  51
PC: 0024
Instruction: 20a50001
Registers:
[0] 00000000
[1] 00000000
[2] 00000000
[3] 00000000
[4] 00000100
[5] 00000006
[6] 0000000C
[7] 00000000
[8] 00000000
[9] 00000101
[10] 00000000
[11] 00000000
[12] 00000000
[13] 00000000
[14] 00000000
[15] 00000000
[16] 00000000
[17] 00000000
[18] 00000000
[19] 00000000
[20] 00000000
[21] 00000000
[22] 00000000
[23] 00000000
[24] 00000000
[25] 00000000
[26] 00000000
[27] 00000000
[28] 00000000
[29] FFFFFFF0
[30] 00000000
[31] 00000000
Memory I/O: 

Cycle  52
PC: 0028
Instruction: 14a6fffd
Registers:
[0] 00000000
[1] 00000000
[2] 00000000
[3] 00000000
[4] 00000100
[5] 00000006
[6] 0000000C
[7] 00000000
[8] 00000000
[9] 00000101
[10] 00000000
[11] 00000000
[12] 00000000
[13] 00000000
[14] 00000000
[15] 00000000
[16] 00000000
[17] 00000000
[18] 00000000
[19] 00000000
[20] 00000000
[21] 00000000
[22] 00000000
[23] 00000000
[24] 00000000
[25] 00000000
[26] 00000000
[27] 00000000
[28] 00000000
[29] FFFFFFF0
[30] 00000000
[31] 00000000
Memory I/O: 

Cycle  53
PC: 0028
Instruction: 14a6fffd
Registers:
[0] 00000000
[1] 00000000
[2] 00000000
[3] 00000000
[4] 00000100
[5] 00000006
[6] 0000000C
[7] 00000000
[8] 00000000
[9] 00000101
[10] 00000000
[11] 00000000
[12] 00000000
[13] 00000000
[14] 00000000
[15] 00000000
[16] 00000000
[17] 00000000
[18] 00000000
[19] 00000000
[20] 00000000
[21] 00000000
[22] 00000000
[23] 00000000
[24] 00000000
[25] 00000000
[26] 00000000
[27] 00000000
[28] 00000000
[29] FFFFFFF0
[30] 00000000
[31] 00000000
Memory I/O: 

Cycle  54
PC: 0028
Instruction: 14a6fffd
Registers:
[0] 00000000
[1] 00000000
[2] 00000000
[3] 00000000
[4] 00000100
[5] 00000006
[6] 0000000C
[7] 00000000
[8] 00000000
[9] 00000101
[10] 00000000
[11] 00000000
[12] 00000000
[13] 00000000
[14] 00000000
[15] 00000000
[16] 00000000
[17] 00000000
[18] 00000000
[19] 00000000
[20] 00000000
[21] 00000000
[22] 00000000
[23] 00000000
[24] 00000000
[25] 00000000
[26] 00000000
[27] 00000000
[28] 00000000
[29] FFFFFFF0
[30] 00000000
[31] 00000000
Memory I/O: 

Cycle  55
PC: 0024
Instruction: 20a50001
Registers:
[0] 00000000
[1] 00000000
[2] 00000000
[3] 00000000
[4] 00000100
[5] 00000007
[6] 0000000C
[7] 00000000
[8] 00000000
[9] 00000101
[10] 00000000
[11] 00000000
[12] 00000000
[13] 00000000
[14] 00000000
[15] 00000000
[16] 00000000
[17] 00000000
[18] 00000000
[19] 00000000
[20] 00000000
[21] 00000000
[22] 00000000
[23] 00000000
[24] 00000000
[25] 00000000
[26] 00000000
[27] 00000000
[28] 00000000
[29] FFFFFFF0
[30] 00000000
[31] 00000000
Memory I/O: 

Cycle  56
PC: 0028
Instruction: 14a6fffd
Registers:
[0] 00000000
[1] 00000000
[2] 00000000
[3] 00000000
[4] 00000100
[5] 00000007
[6] 0000000C
[7] 00000000
[8] 00000000
[9] 00000101
[10] 00000000
[11] 00000000
[12] 00000000
[13] 00000000
[14] 00000000
[15] 00000000
[16] 00000000
[17] 00000000
[18] 00000000
[19] 00000000
[20] 00000000
[21] 00000000
[22] 00000000
[23] 00000000
[24] 00000000
[25] 00000000
[26] 00000000
[27] 00000000
[28] 00000000
[29] FFFFFFF0
[30] 00000000
[31] 00000000
Memory I/O: 

Cycle  57
PC: 0028
Instruction: 14a6fffd
Registers:
[0] 00000000
[1] 00000000
[2] 00000000
[3] 00000000
[4] 00000100
[5] 00000007
[6] 0000000C
[7] 00000000
[8] 00000000
[9] 00000101
[10] 00000000
[11] 00000000
[12] 00000000
[13] 00000000
[14] 00000000
[15] 00000000
[16] 00000000
[17] 00000000
[18] 00000000
[19] 00000000
[20] 00000000
[21] 00000000
[22] 00000000
[23] 00000000
[24] 00000000
[25] 00000000
[26] 00000000
[27] 00000000
[28] 00000000
[29] FFFFFFF0
[30] 00000000
[31] 00000000
Memory I/O: 

Cycle  58
PC: 0028
Instruction: 14a6fffd
Registers:
[0] 00000000
[1] 00000000
[2] 00000000
[3] 00000000
[4] 00000100
[5] 00000007
[6] 0000000C
[7] 00000000
[8] 00000000
[9] 00000101
[10] 00000000
[11] 00000000
[12] 00000000
[13] 00000000
[14] 00000000
[15] 00000000
[16] 00000000
[17] 00000000
[18] 00000000
[19] 00000000
[20] 00000000
[21] 00000000
[22] 00000000
[23] 00000000
[24] 00000000
[25] 00000000
[26] 00000000
[27] 00000000
[28] 00000000
[29] FFFFFFF0
[30] 00000000
[31] 00000000
Memory I/O: 

Cycle  59
PC: 0024
Instruction: 20a50001
Registers:
[0] 00000000
[1] 00000000
[2] 00000000
[3] 00000000
[4] 00000100
[5] 00000008
[6] 0000000C
[7] 00000000
[8] 00000000
[9] 00000101
[10] 00000000
[11] 00000000
[12] 00000000
[13] 00000000
[14] 00000000
[15] 00000000
[16] 00000000
[17] 00000000
[18] 00000000
[19] 00000000
[20] 00000000
[21] 00000000
[22] 00000000
[23] 00000000
[24] 00000000
[25] 00000000
[26] 00000000
[27] 00000000
[28] 00000000
[29] FFFFFFF0
[30] 00000000
[31] 00000000
Memory I/O: 

Cycle  60
PC: 0028
Instruction: 14a6fffd
Registers:
[0] 00000000
[1] 00000000
[2] 00000000
[3] 00000000
[4] 00000100
[5] 00000008
[6] 0000000C
[7] 00000000
[8] 00000000
[9] 00000101
[10] 00000000
[11] 00000000
[12] 00000000
[13] 00000000
[14] 00000000
[15] 00000000
[16] 00000000
[17] 00000000
[18] 00000000
[19] 00000000
[20] 00000000
[21] 00000000
[22] 00000000
[23] 00000000
[24] 00000000
[25] 00000000
[26] 00000000
[27] 00000000
[28] 00000000
[29] FFFFFFF0
[30] 00000000
[31] 00000000
Memory I/O: 

Cycle  61
PC: 0028
Instruction: 14a6fffd
Registers:
[0] 00000000
[1] 00000000
[2] 00000000
[3] 00000000
[4] 00000100
[5] 00000008
[6] 0000000C
[7] 00000000
[8] 00000000
[9] 00000101
[10] 00000000
[11] 00000000
[12] 00000000
[13] 00000000
[14] 00000000
[15] 00000000
[16] 00000000
[17] 00000000
[18] 00000000
[19] 00000000
[20] 00000000
[21] 00000000
[22] 00000000
[23] 00000000
[24] 00000000
[25] 00000000
[26] 00000000
[27] 00000000
[28] 00000000
[29] FFFFFFF0
[30] 00000000
[31] 00000000
Memory I/O: 

Cycle  62
PC: 0028
Instruction: 14a6fffd
Registers:
[0] 00000000
[1] 00000000
[2] 00000000
[3] 00000000
[4] 00000100
[5] 00000008
[6] 0000000C
[7] 00000000
[8] 00000000
[9] 00000101
[10] 00000000
[11] 00000000
[12] 00000000
[13] 00000000
[14] 00000000
[15] 00000000
[16] 00000000
[17] 00000000
[18] 00000000
[19] 00000000
[20] 00000000
[21] 00000000
[22] 00000000
[23] 00000000
[24] 00000000
[25] 00000000
[26] 00000000
[27] 00000000
[28] 00000000
[29] FFFFFFF0
[30] 00000000
[31] 00000000
Memory I/O: 

Cycle  63
PC: 0024
Instruction: 20a50001
Registers:
[0] 00000000
[1] 00000000
[2] 00000000
[3] 00000000
[4] 00000100
[5] 00000009
[6] 0000000C
[7] 00000000
[8] 00000000
[9] 00000101
[10] 00000000
[11] 00000000
[12] 00000000
[13] 00000000
[14] 00000000
[15] 00000000
[16] 00000000
[17] 00000000
[18] 00000000
[19] 00000000
[20] 00000000
[21] 00000000
[22] 00000000
[23] 00000000
[24] 00000000
[25] 00000000
[26] 00000000
[27] 00000000
[28] 00000000
[29] FFFFFFF0
[30] 00000000
[31] 00000000
Memory I/O: 

Cycle  64
PC: 0028
Instruction: 14a6fffd
Registers:
[0] 00000000
[1] 00000000
[2] 00000000
[3] 00000000
[4] 00000100
[5] 00000009
[6] 0000000C
[7] 00000000
[8] 00000000
[9] 00000101
[10] 00000000
[11] 00000000
[12] 00000000
[13] 00000000
[14] 00000000
[15] 00000000
[16] 00000000
[17] 00000000
[18] 00000000
[19] 00000000
[20] 00000000
[21] 00000000
[22] 00000000
[23] 00000000
[24] 00000000
[25] 00000000
[26] 00000000
[27] 00000000
[28] 00000000
[29] FFFFFFF0
[30] 00000000
[31] 00000000
Memory I/O: 

Cycle  65
PC: 0028
Instruction: 14a6fffd
Registers:
[0] 00000000
[1] 00000000
[2] 00000000
[3] 00000000
[4] 00000100
[5] 00000009
[6] 0000000C
[7] 00000000
[8] 00000000
[9] 00000101
[10] 00000000
[11] 00000000
[12] 00000000
[13] 00000000
[14] 00000000
[15] 00000000
[16] 00000000
[17] 00000000
[18] 00000000
[19] 00000000
[20] 00000000
[21] 00000000
[22] 00000000
[23] 00000000
[24] 00000000
[25] 00000000
[26] 00000000
[27] 00000000
[28] 00000000
[29] FFFFFFF0
[30] 00000000
[31] 00000000
Memory I/O: 

Cycle  66
PC: 0028
Instruction: 14a6fffd
Registers:
[0] 00000000
[1] 00000000
[2] 00000000
[3] 00000000
[4] 00000100
[5] 00000009
[6] 0000000C
[7] 00000000
[8] 00000000
[9] 00000101
[10] 00000000
[11] 00000000
[12] 00000000
[13] 00000000
[14] 00000000
[15] 00000000
[16] 00000000
[17] 00000000
[18] 00000000
[19] 00000000
[20] 00000000
[21] 00000000
[22] 00000000
[23] 00000000
[24] 00000000
[25] 00000000
[26] 00000000
[27] 00000000
[28] 00000000
[29] FFFFFFF0
[30] 00000000
[31] 00000000
Memory I/O: 

Cycle  67
PC: 0024
Instruction: 20a50001
Registers:
[0] 00000000
[1] 00000000
[2] 00000000
[3] 00000000
[4] 00000100
[5] 0000000A
[6] 0000000C
[7] 00000000
[8] 00000000
[9] 00000101
[10] 00000000
[11] 00000000
[12] 00000000
[13] 00000000
[14] 00000000
[15] 00000000
[16] 00000000
[17] 00000000
[18] 00000000
[19] 00000000
[20] 00000000
[21] 00000000
[22] 00000000
[23] 00000000
[24] 00000000
[25] 00000000
[26] 00000000
[27] 00000000
[28] 00000000
[29] FFFFFFF0
[30] 00000000
[31] 00000000
Memory I/O: 

Cycle  68
PC: 0028
Instruction: 14a6fffd
Registers:
[0] 00000000
[1] 00000000
[2] 00000000
[3] 00000000
[4] 00000100
[5] 0000000A
[6] 0000000C
[7] 00000000
[8] 00000000
[9] 00000101
[10] 00000000
[11] 00000000
[12] 00000000
[13] 00000000
[14] 00000000
[15] 00000000
[16] 00000000
[17] 00000000
[18] 00000000
[19] 00000000
[20] 00000000
[21] 00000000
[22] 00000000
[23] 00000000
[24] 00000000
[25] 00000000
[26] 00000000
[27] 00000000
[28] 00000000
[29] FFFFFFF0
[30] 00000000
[31] 00000000
Memory I/O: 

Cycle  69
PC: 0028
Instruction: 14a6fffd
Registers:
[0] 00000000
[1] 00000000
[2] 00000000
[3] 00000000
[4] 00000100
[5] 0000000A
[6] 0000000C
[7] 00000000
[8] 00000000
[9] 00000101
[10] 00000000
[11] 00000000
[12] 00000000
[13] 00000000
[14] 00000000
[15] 00000000
[16] 00000000
[17] 00000000
[18] 00000000
[19] 00000000
[20] 00000000
[21] 00000000
[22] 00000000
[23] 00000000
[24] 00000000
[25] 00000000
[26] 00000000
[27] 00000000
[28] 00000000
[29] FFFFFFF0
[30] 00000000
[31] 00000000
Memory I/O: 

Cycle  70
PC: 0028
Instruction: 14a6fffd
Registers:
[0] 00000000
[1] 00000000
[2] 00000000
[3] 00000000
[4] 00000100
[5] 0000000A
[6] 0000000C
[7] 00000000
[8] 00000000
[9] 00000101
[10] 00000000
[11] 00000000
[12] 00000000
[13] 00000000
[14] 00000000
[15] 00000000
[16] 00000000
[17] 00000000
[18] 00000000
[19] 00000000
[20] 00000000
[21] 00000000
[22] 00000000
[23] 00000000
[24] 00000000
[25] 00000000
[26] 00000000
[27] 00000000
[28] 00000000
[29] FFFFFFF0
[30] 00000000
[31] 00000000
Memory I/O: 

Cycle  71
PC: 0024
Instruction: 20a50001
Registers:
[0] 00000000
[1] 00000000
[2] 00000000
[3] 00000000
[4] 00000100
[5] 0000000B
[6] 0000000C
[7] 00000000
[8] 00000000
[9] 00000101
[10] 00000000
[11] 00000000
[12] 00000000
[13] 00000000
[14] 00000000
[15] 00000000
[16] 00000000
[17] 00000000
[18] 00000000
[19] 00000000
[20] 00000000
[21] 00000000
[22] 00000000
[23] 00000000
[24] 00000000
[25] 00000000
[26] 00000000
[27] 00000000
[28] 00000000
[29] FFFFFFF0
[30] 00000000
[31] 00000000
Memory I/O: 

Cycle  72
PC: 0028
Instruction: 14a6fffd
Registers:
[0] 00000000
[1] 00000000
[2] 00000000
[3] 00000000
[4] 00000100
[5] 0000000B
[6] 0000000C
[7] 00000000
[8] 00000000
[9] 00000101
[10] 00000000
[11] 00000000
[12] 00000000
[13] 00000000
[14] 00000000
[15] 00000000
[16] 00000000
[17] 00000000
[18] 00000000
[19] 00000000
[20] 00000000
[21] 00000000
[22] 00000000
[23] 00000000
[24] 00000000
[25] 00000000
[26] 00000000
[27] 00000000
[28] 00000000
[29] FFFFFFF0
[30] 00000000
[31] 00000000
Memory I/O: 

Cycle  73
PC: 0028
Instruction: 14a6fffd
Registers:
[0] 00000000
[1] 00000000
[2] 00000000
[3] 00000000
[4] 00000100
[5] 0000000B
[6] 0000000C
[7] 00000000
[8] 00000000
[9] 00000101
[10] 00000000
[11] 00000000
[12] 00000000
[13] 00000000
[14] 00000000
[15] 00000000
[16] 00000000
[17] 00000000
[18] 00000000
[19] 00000000
[20] 00000000
[21] 00000000
[22] 00000000
[23] 00000000
[24] 00000000
[25] 00000000
[26] 00000000
[27] 00000000
[28] 00000000
[29] FFFFFFF0
[30] 00000000
[31] 00000000
Memory I/O: 

Cycle  74
PC: 0028
Instruction: 14a6fffd
Registers:
[0] 00000000
[1] 00000000
[2] 00000000
[3] 00000000
[4] 00000100
[5] 0000000B
[6] 0000000C
[7] 00000000
[8] 00000000
[9] 00000101
[10] 00000000
[11] 00000000
[12] 00000000
[13] 00000000
[14] 00000000
[15] 00000000
[16] 00000000
[17] 00000000
[18] 00000000
[19] 00000000
[20] 00000000
[21] 00000000
[22] 00000000
[23] 00000000
[24] 00000000
[25] 00000000
[26] 00000000
[27] 00000000
[28] 00000000
[29] FFFFFFF0
[30] 00000000
[31] 00000000
Memory I/O: 

Cycle  75
PC: 0024
Instruction: 20a50001
Registers:
[0] 00000000
[1] 00000000
[2] 00000000
[3] 00000000
[4] 00000100
[5] 0000000C
[6] 0000000C
[7] 00000000
[8] 00000000
[9] 00000101
[10] 00000000
[11] 00000000
[12] 00000000
[13] 00000000
[14] 00000000
[15] 00000000
[16] 00000000
[17] 00000000
[18] 00000000
[19] 00000000
[20] 00000000
[21] 00000000
[22] 00000000
[23] 00000000
[24] 00000000
[25] 00000000
[26] 00000000
[27] 00000000
[28] 00000000
[29] FFFFFFF0
[30] 00000000
[31] 00000000
Memory I/O: 

Cycle  76
PC: 0028
Instruction: 14a6fffd
Registers:
[0] 00000000
[1] 00000000
[2] 00000000
[3] 00000000
[4] 00000100
[5] 0000000C
[6] 0000000C
[7] 00000000
[8] 00000000
[9] 00000101
[10] 00000000
[11] 00000000
[12] 00000000
[13] 00000000
[14] 00000000
[15] 00000000
[16] 00000000
[17] 00000000
[18] 00000000
[19] 00000000
[20] 00000000
[21] 00000000
[22] 00000000
[23] 00000000
[24] 00000000
[25] 00000000
[26] 00000000
[27] 00000000
[28] 00000000
[29] FFFFFFF0
[30] 00000000
[31] 00000000
Memory I/O: 

Cycle  77
PC: 0028
Instruction: 14a6fffd
Registers:
[0] 00000000
[1] 00000000
[2] 00000000
[3] 00000000
[4] 00000100
[5] 0000000C
[6] 0000000C
[7] 00000000
[8] 00000000
[9] 00000101
[10] 00000000
[11] 00000000
[12] 00000000
[13] 00000000
[14] 00000000
[15] 00000000
[16] 00000000
[17] 00000000
[18] 00000000
[19] 00000000
[20] 00000000
[21] 00000000
[22] 00000000
[23] 00000000
[24] 00000000
[25] 00000000
[26] 00000000
[27] 00000000
[28] 00000000
[29] FFFFFFF0
[30] 00000000
[31] 00000000
Memory I/O: 

Cycle  78
PC: 002C
Instruction: 08000021
Registers:
[0] 00000000
[1] 00000000
[2] 00000000
[3] 00000000
[4] 00000100
[5] 0000000C
[6] 0000000C
[7] 00000000
[8] 00000000
[9] 00000101
[10] 00000000
[11] 00000000
[12] 00000000
[13] 00000000
[14] 00000000
[15] 00000000
[16] 00000000
[17] 00000000
[18] 00000000
[19] 00000000
[20] 00000000
[21] 00000000
[22] 00000000
[23] 00000000
[24] 00000000
[25] 00000000
[26] 00000000
[27] 00000000
[28] 00000000
[29] FFFFFFF0
[30] 00000000
[31] 00000000
Memory I/O: 

Cycle  79
PC: 0084
Instruction: 1000ffff
Registers:
[0] 00000000
[1] 00000000
[2] 00000000
[3] 00000000
[4] 00000100
[5] 0000000D
[6] 0000000C
[7] 00000000
[8] 00000000
[9] 00000101
[10] 00000000
[11] 00000000
[12] 00000000
[13] 00000000
[14] 00000000
[15] 00000000
[16] 00000000
[17] 00000000
[18] 00000000
[19] 00000000
[20] 00000000
[21] 00000000
[22] 00000000
[23] 00000000
[24] 00000000
[25] 00000000
[26] 00000000
[27] 00000000
[28] 00000000
[29] FFFFFFF0
[30] 00000000
[31] 00000000
Memory I/O: 

Cycle  80
PC: 0084
Instruction: 1000ffff
Registers:
[0] 00000000
[1] 00000000
[2] 00000000
[3] 00000000
[4] 00000100
[5] 0000000D
[6] 0000000C
[7] 00000000
[8] 00000000
[9] 00000101
[10] 00000000
[11] 00000000
[12] 00000000
[13] 00000000
[14] 00000000
[15] 00000000
[16] 00000000
[17] 00000000
[18] 00000000
[19] 00000000
[20] 00000000
[21] 00000000
[22] 00000000
[23] 00000000
[24] 00000000
[25] 00000000
[26] 00000000
[27] 00000000
[28] 00000000
[29] FFFFFFF0
[30] 00000000
[31] 00000000
Memory I/O: 

Cycle  81
PC: 0084
Instruction: 1000ffff
Registers:
[0] 00000000
[1] 00000000
[2] 00000000
[3] 00000000
[4] 00000100
[5] 0000000D
[6] 0000000C
[7] 00000000
[8] 00000000
[9] 00000101
[10] 00000000
[11] 00000000
[12] 00000000
[13] 00000000
[14] 00000000
[15] 00000000
[16] 00000000
[17] 00000000
[18] 00000000
[19] 00000000
[20] 00000000
[21] 00000000
[22] 00000000
[23] 00000000
[24] 00000000
[25] 00000000
[26] 00000000
[27] 00000000
[28] 00000000
[29] FFFFFFF0
[30] 00000000
[31] 00000000
Memory I/O: 

