Cycle  1
PC: 0000
Instruction: 20100064
Registers:
[0] 00000000
[1] 00000000
[2] 00000000
[3] 00000000
[4] 00000000
[5] 00000000
[6] 00000000
[7] 00000000
[8] 00000000
[9] 00000000
[10] 00000000
[11] 00000000
[12] 00000000
[13] 00000000
[14] 00000000
[15] 00000000
[16] 00000000
[17] 00000000
[18] 00000000
[19] 00000000
[20] 00000000
[21] 00000000
[22] 00000000
[23] 00000000
[24] 00000000
[25] 00000000
[26] 00000000
[27] 00000000
[28] 00000000
[29] 00000000
[30] 00000000
[31] 00000000
Memory I/O: 

Cycle  2
PC: 0004
Instruction: 20080000
Registers:
[0] 00000000
[1] 00000000
[2] 00000000
[3] 00000000
[4] 00000000
[5] 00000000
[6] 00000000
[7] 00000000
[8] 00000000
[9] 00000000
[10] 00000000
[11] 00000000
[12] 00000000
[13] 00000000
[14] 00000000
[15] 00000000
[16] 00000064
[17] 00000000
[18] 00000000
[19] 00000000
[20] 00000000
[21] 00000000
[22] 00000000
[23] 00000000
[24] 00000000
[25] 00000000
[26] 00000000
[27] 00000000
[28] 00000000
[29] 00000000
[30] 00000000
[31] 00000000
Memory I/O: 

Cycle  3
PC: 0008
Instruction: 20090007
Registers:
[0] 00000000
[1] 00000000
[2] 00000000
[3] 00000000
[4] 00000000
[5] 00000000
[6] 00000000
[7] 00000000
[8] 00000000
[9] 00000000
[10] 00000000
[11] 00000000
[12] 00000000
[13] 00000000
[14] 00000000
[15] 00000000
[16] 00000064
[17] 00000000
[18] 00000000
[19] 00000000
[20] 00000000
[21] 00000000
[22] 00000000
[23] 00000000
[24] 00000000
[25] 00000000
[26] 00000000
[27] 00000000
[28] 00000000
[29] 00000000
[30] 00000000
[31] 00000000
Memory I/O: 

Cycle  4
PC: 000C
Instruction: a2080000
Registers:
[0] 00000000
[1] 00000000
[2] 00000000
[3] 00000000
[4] 00000000
[5] 00000000
[6] 00000000
[7] 00000000
[8] 00000000
[9] 00000007
[10] 00000000
[11] 00000000
[12] 00000000
[13] 00000000
[14] 00000000
[15] 00000000
[16] 00000064
[17] 00000000
[18] 00000000
[19] 00000000
[20] 00000000
[21] 00000000
[22] 00000000
[23] 00000000
[24] 00000000
[25] 00000000
[26] 00000000
[27] 00000000
[28] 00000000
[29] 00000000
[30] 00000000
[31] 00000000
Memory I/O: 

Cycle  5
PC: 0010
Instruction: 11090005
Registers:
[0] 00000000
[1] 00000000
[2] 00000000
[3] 00000000
[4] 00000000
[5] 00000000
[6] 00000000
[7] 00000000
[8] 00000000
[9] 00000007
[10] 00000000
[11] 00000000
[12] 00000000
[13] 00000000
[14] 00000000
[15] 00000000
[16] 00000064
[17] 00000000
[18] 00000000
[19] 00000000
[20] 00000000
[21] 00000000
[22] 00000000
[23] 00000000
[24] 00000000
[25] 00000000
[26] 00000000
[27] 00000000
[28] 00000000
[29] 00000000
[30] 00000000
[31] 00000000
Memory I/O: 

Cycle  6
PC: 0010
Instruction: 11090005
Registers:
[0] 00000000
[1] 00000000
[2] 00000000
[3] 00000000
[4] 00000000
[5] 00000000
[6] 00000000
[7] 00000000
[8] 00000000
[9] 00000007
[10] 00000000
[11] 00000000
[12] 00000000
[13] 00000000
[14] 00000000
[15] 00000000
[16] 00000064
[17] 00000000
[18] 00000000
[19] 00000000
[20] 00000000
[21] 00000000
[22] 00000000
[23] 00000000
[24] 00000000
[25] 00000000
[26] 00000000
[27] 00000000
[28] 00000000
[29] 00000000
[30] 00000000
[31] 00000000
Memory I/O: 

Cycle  7
PC: 0014
Instruction: 00000000
Registers:
[0] 00000000
[1] 00000000
[2] 00000000
[3] 00000000
[4] 00000000
[5] 00000000
[6] 00000000
[7] 00000000
[8] 00000000
[9] 00000007
[10] 00000000
[11] 00000000
[12] 00000000
[13] 00000000
[14] 00000000
[15] 00000000
[16] 00000064
[17] 00000000
[18] 00000000
[19] 00000000
[20] 00000000
[21] 00000000
[22] 00000000
[23] 00000000
[24] 00000000
[25] 00000000
[26] 00000000
[27] 00000000
[28] 00000000
[29] 00000000
[30] 00000000
[31] 00000000
Memory I/O: W 1 0064 00

Cycle  8
PC: 0018
Instruction: 21080001
Registers:
[0] 00000000
[1] 00000000
[2] 00000000
[3] 00000000
[4] 00000000
[5] 00000000
[6] 00000000
[7] 00000000
[8] 00000000
[9] 00000007
[10] 00000000
[11] 00000000
[12] 00000000
[13] 00000000
[14] 00000000
[15] 00000000
[16] 00000064
[17] 00000000
[18] 00000000
[19] 00000000
[20] 00000000
[21] 00000000
[22] 00000000
[23] 00000000
[24] 00000000
[25] 00000000
[26] 00000000
[27] 00000000
[28] 00000000
[29] 00000000
[30] 00000000
[31] 00000000
Memory I/O: 

Cycle  9
PC: 001C
Instruction: 22100001
Registers:
[0] 00000000
[1] 00000000
[2] 00000000
[3] 00000000
[4] 00000000
[5] 00000000
[6] 00000000
[7] 00000000
[8] 00000000
[9] 00000007
[10] 00000000
[11] 00000000
[12] 00000000
[13] 00000000
[14] 00000000
[15] 00000000
[16] 00000064
[17] 00000000
[18] 00000000
[19] 00000000
[20] 00000000
[21] 00000000
[22] 00000000
[23] 00000000
[24] 00000000
[25] 00000000
[26] 00000000
[27] 00000000
[28] 00000000
[29] 00000000
[30] 00000000
[31] 00000000
Memory I/O: 

Cycle  10
PC: 0020
Instruction: 08000003
Registers:
[0] 00000000
[1] 00000000
[2] 00000000
[3] 00000000
[4] 00000000
[5] 00000000
[6] 00000000
[7] 00000000
[8] 00000000
[9] 00000007
[10] 00000000
[11] 00000000
[12] 00000000
[13] 00000000
[14] 00000000
[15] 00000000
[16] 00000064
[17] 00000000
[18] 00000000
[19] 00000000
[20] 00000000
[21] 00000000
[22] 00000000
[23] 00000000
[24] 00000000
[25] 00000000
[26] 00000000
[27] 00000000
[28] 00000000
[29] 00000000
[30] 00000000
[31] 00000000
Memory I/O: 

Cycle  11
PC: 000C
Instruction: a2080000
Registers:
[0] 00000000
[1] 00000000
[2] 00000000
[3] 00000000
[4] 00000000
[5] 00000000
[6] 00000000
[7] 00000000
[8] 00000000
[9] 00000007
[10] 00000000
[11] 00000000
[12] 00000000
[13] 00000000
[14] 00000000
[15] 00000000
[16] 00000064
[17] 00000000
[18] 00000000
[19] 00000000
[20] 00000000
[21] 00000000
[22] 00000000
[23] 00000000
[24] 00000000
[25] 00000000
[26] 00000000
[27] 00000000
[28] 00000000
[29] 00000000
[30] 00000000
[31] 00000000
Memory I/O: 

Cycle  12
PC: 0010
Instruction: 11090005
Registers:
[0] 00000000
[1] 00000000
[2] 00000000
[3] 00000000
[4] 00000000
[5] 00000000
[6] 00000000
[7] 00000000
[8] 00000001
[9] 00000007
[10] 00000000
[11] 00000000
[12] 00000000
[13] 00000000
[14] 00000000
[15] 00000000
[16] 00000064
[17] 00000000
[18] 00000000
[19] 00000000
[20] 00000000
[21] 00000000
[22] 00000000
[23] 00000000
[24] 00000000
[25] 00000000
[26] 00000000
[27] 00000000
[28] 00000000
[29] 00000000
[30] 00000000
[31] 00000000
Memory I/O: 

Cycle  13
PC: 0010
Instruction: 11090005
Registers:
[0] 00000000
[1] 00000000
[2] 00000000
[3] 00000000
[4] 00000000
[5] 00000000
[6] 00000000
[7] 00000000
[8] 00000001
[9] 00000007
[10] 00000000
[11] 00000000
[12] 00000000
[13] 00000000
[14] 00000000
[15] 00000000
[16] 00000065
[17] 00000000
[18] 00000000
[19] 00000000
[20] 00000000
[21] 00000000
[22] 00000000
[23] 00000000
[24] 00000000
[25] 00000000
[26] 00000000
[27] 00000000
[28] 00000000
[29] 00000000
[30] 00000000
[31] 00000000
Memory I/O: 

Cycle  14
PC: 0014
Instruction: 00000000
Registers:
[0] 00000000
[1] 00000000
[2] 00000000
[3] 00000000
[4] 00000000
[5] 00000000
[6] 00000000
[7] 00000000
[8] 00000001
[9] 00000007
[10] 00000000
[11] 00000000
[12] 00000000
[13] 00000000
[14] 00000000
[15] 00000000
[16] 00000065
[17] 00000000
[18] 00000000
[19] 00000000
[20] 00000000
[21] 00000000
[22] 00000000
[23] 00000000
[24] 00000000
[25] 00000000
[26] 00000000
[27] 00000000
[28] 00000000
[29] 00000000
[30] 00000000
[31] 00000000
Memory I/O: W 1 0064 01

Cycle  15
PC: 0018
Instruction: 21080001
Registers:
[0] 00000000
[1] 00000000
[2] 00000000
[3] 00000000
[4] 00000000
[5] 00000000
[6] 00000000
[7] 00000000
[8] 00000001
[9] 00000007
[10] 00000000
[11] 00000000
[12] 00000000
[13] 00000000
[14] 00000000
[15] 00000000
[16] 00000065
[17] 00000000
[18] 00000000
[19] 00000000
[20] 00000000
[21] 00000000
[22] 00000000
[23] 00000000
[24] 00000000
[25] 00000000
[26] 00000000
[27] 00000000
[28] 00000000
[29] 00000000
[30] 00000000
[31] 00000000
Memory I/O: 

Cycle  16
PC: 001C
Instruction: 22100001
Registers:
[0] 00000000
[1] 00000000
[2] 00000000
[3] 00000000
[4] 00000000
[5] 00000000
[6] 00000000
[7] 00000000
[8] 00000001
[9] 00000007
[10] 00000000
[11] 00000000
[12] 00000000
[13] 00000000
[14] 00000000
[15] 00000000
[16] 00000065
[17] 00000000
[18] 00000000
[19] 00000000
[20] 00000000
[21] 00000000
[22] 00000000
[23] 00000000
[24] 00000000
[25] 00000000
[26] 00000000
[27] 00000000
[28] 00000000
[29] 00000000
[30] 00000000
[31] 00000000
Memory I/O: 

Cycle  17
PC: 0020
Instruction: 08000003
Registers:
[0] 00000000
[1] 00000000
[2] 00000000
[3] 00000000
[4] 00000000
[5] 00000000
[6] 00000000
[7] 00000000
[8] 00000001
[9] 00000007
[10] 00000000
[11] 00000000
[12] 00000000
[13] 00000000
[14] 00000000
[15] 00000000
[16] 00000065
[17] 00000000
[18] 00000000
[19] 00000000
[20] 00000000
[21] 00000000
[22] 00000000
[23] 00000000
[24] 00000000
[25] 00000000
[26] 00000000
[27] 00000000
[28] 00000000
[29] 00000000
[30] 00000000
[31] 00000000
Memory I/O: 

Cycle  18
PC: 000C
Instruction: a2080000
Registers:
[0] 00000000
[1] 00000000
[2] 00000000
[3] 00000000
[4] 00000000
[5] 00000000
[6] 00000000
[7] 00000000
[8] 00000001
[9] 00000007
[10] 00000000
[11] 00000000
[12] 00000000
[13] 00000000
[14] 00000000
[15] 00000000
[16] 00000065
[17] 00000000
[18] 00000000
[19] 00000000
[20] 00000000
[21] 00000000
[22] 00000000
[23] 00000000
[24] 00000000
[25] 00000000
[26] 00000000
[27] 00000000
[28] 00000000
[29] 00000000
[30] 00000000
[31] 00000000
Memory I/O: 

Cycle  19
PC: 0010
Instruction: 11090005
Registers:
[0] 00000000
[1] 00000000
[2] 00000000
[3] 00000000
[4] 00000000
[5] 00000000
[6] 00000000
[7] 00000000
[8] 00000002
[9] 00000007
[10] 00000000
[11] 00000000
[12] 00000000
[13] 00000000
[14] 00000000
[15] 00000000
[16] 00000065
[17] 00000000
[18] 00000000
[19] 00000000
[20] 00000000
[21] 00000000
[22] 00000000
[23] 00000000
[24] 00000000
[25] 00000000
[26] 00000000
[27] 00000000
[28] 00000000
[29] 00000000
[30] 00000000
[31] 00000000
Memory I/O: 

Cycle  20
PC: 0010
Instruction: 11090005
Registers:
[0] 00000000
[1] 00000000
[2] 00000000
[3] 00000000
[4] 00000000
[5] 00000000
[6] 00000000
[7] 00000000
[8] 00000002
[9] 00000007
[10] 00000000
[11] 00000000
[12] 00000000
[13] 00000000
[14] 00000000
[15] 00000000
[16] 00000066
[17] 00000000
[18] 00000000
[19] 00000000
[20] 00000000
[21] 00000000
[22] 00000000
[23] 00000000
[24] 00000000
[25] 00000000
[26] 00000000
[27] 00000000
[28] 00000000
[29] 00000000
[30] 00000000
[31] 00000000
Memory I/O: 

Cycle  21
PC: 0014
Instruction: 00000000
Registers:
[0] 00000000
[1] 00000000
[2] 00000000
[3] 00000000
[4] 00000000
[5] 00000000
[6] 00000000
[7] 00000000
[8] 00000002
[9] 00000007
[10] 00000000
[11] 00000000
[12] 00000000
[13] 00000000
[14] 00000000
[15] 00000000
[16] 00000066
[17] 00000000
[18] 00000000
[19] 00000000
[20] 00000000
[21] 00000000
[22] 00000000
[23] 00000000
[24] 00000000
[25] 00000000
[26] 00000000
[27] 00000000
[28] 00000000
[29] 00000000
[30] 00000000
[31] 00000000
Memory I/O: W 1 0065 02

Cycle  22
PC: 0018
Instruction: 21080001
Registers:
[0] 00000000
[1] 00000000
[2] 00000000
[3] 00000000
[4] 00000000
[5] 00000000
[6] 00000000
[7] 00000000
[8] 00000002
[9] 00000007
[10] 00000000
[11] 00000000
[12] 00000000
[13] 00000000
[14] 00000000
[15] 00000000
[16] 00000066
[17] 00000000
[18] 00000000
[19] 00000000
[20] 00000000
[21] 00000000
[22] 00000000
[23] 00000000
[24] 00000000
[25] 00000000
[26] 00000000
[27] 00000000
[28] 00000000
[29] 00000000
[30] 00000000
[31] 00000000
Memory I/O: 

Cycle  23
PC: 001C
Instruction: 22100001
Registers:
[0] 00000000
[1] 00000000
[2] 00000000
[3] 00000000
[4] 00000000
[5] 00000000
[6] 00000000
[7] 00000000
[8] 00000002
[9] 00000007
[10] 00000000
[11] 00000000
[12] 00000000
[13] 00000000
[14] 00000000
[15] 00000000
[16] 00000066
[17] 00000000
[18] 00000000
[19] 00000000
[20] 00000000
[21] 00000000
[22] 00000000
[23] 00000000
[24] 00000000
[25] 00000000
[26] 00000000
[27] 00000000
[28] 00000000
[29] 00000000
[30] 00000000
[31] 00000000
Memory I/O: 

Cycle  24
PC: 0020
Instruction: 08000003
Registers:
[0] 00000000
[1] 00000000
[2] 00000000
[3] 00000000
[4] 00000000
[5] 00000000
[6] 00000000
[7] 00000000
[8] 00000002
[9] 00000007
[10] 00000000
[11] 00000000
[12] 00000000
[13] 00000000
[14] 00000000
[15] 00000000
[16] 00000066
[17] 00000000
[18] 00000000
[19] 00000000
[20] 00000000
[21] 00000000
[22] 00000000
[23] 00000000
[24] 00000000
[25] 00000000
[26] 00000000
[27] 00000000
[28] 00000000
[29] 00000000
[30] 00000000
[31] 00000000
Memory I/O: 

Cycle  25
PC: 000C
Instruction: a2080000
Registers:
[0] 00000000
[1] 00000000
[2] 00000000
[3] 00000000
[4] 00000000
[5] 00000000
[6] 00000000
[7] 00000000
[8] 00000002
[9] 00000007
[10] 00000000
[11] 00000000
[12] 00000000
[13] 00000000
[14] 00000000
[15] 00000000
[16] 00000066
[17] 00000000
[18] 00000000
[19] 00000000
[20] 00000000
[21] 00000000
[22] 00000000
[23] 00000000
[24] 00000000
[25] 00000000
[26] 00000000
[27] 00000000
[28] 00000000
[29] 00000000
[30] 00000000
[31] 00000000
Memory I/O: 

Cycle  26
PC: 0010
Instruction: 11090005
Registers:
[0] 00000000
[1] 00000000
[2] 00000000
[3] 00000000
[4] 00000000
[5] 00000000
[6] 00000000
[7] 00000000
[8] 00000003
[9] 00000007
[10] 00000000
[11] 00000000
[12] 00000000
[13] 00000000
[14] 00000000
[15] 00000000
[16] 00000066
[17] 00000000
[18] 00000000
[19] 00000000
[20] 00000000
[21] 00000000
[22] 00000000
[23] 00000000
[24] 00000000
[25] 00000000
[26] 00000000
[27] 00000000
[28] 00000000
[29] 00000000
[30] 00000000
[31] 00000000
Memory I/O: 

Cycle  27
PC: 0010
Instruction: 11090005
Registers:
[0] 00000000
[1] 00000000
[2] 00000000
[3] 00000000
[4] 00000000
[5] 00000000
[6] 00000000
[7] 00000000
[8] 00000003
[9] 00000007
[10] 00000000
[11] 00000000
[12] 00000000
[13] 00000000
[14] 00000000
[15] 00000000
[16] 00000067
[17] 00000000
[18] 00000000
[19] 00000000
[20] 00000000
[21] 00000000
[22] 00000000
[23] 00000000
[24] 00000000
[25] 00000000
[26] 00000000
[27] 00000000
[28] 00000000
[29] 00000000
[30] 00000000
[31] 00000000
Memory I/O: 

Cycle  28
PC: 0014
Instruction: 00000000
Registers:
[0] 00000000
[1] 00000000
[2] 00000000
[3] 00000000
[4] 00000000
[5] 00000000
[6] 00000000
[7] 00000000
[8] 00000003
[9] 00000007
[10] 00000000
[11] 00000000
[12] 00000000
[13] 00000000
[14] 00000000
[15] 00000000
[16] 00000067
[17] 00000000
[18] 00000000
[19] 00000000
[20] 00000000
[21] 00000000
[22] 00000000
[23] 00000000
[24] 00000000
[25] 00000000
[26] 00000000
[27] 00000000
[28] 00000000
[29] 00000000
[30] 00000000
[31] 00000000
Memory I/O: W 1 0066 03

Cycle  29
PC: 0018
Instruction: 21080001
Registers:
[0] 00000000
[1] 00000000
[2] 00000000
[3] 00000000
[4] 00000000
[5] 00000000
[6] 00000000
[7] 00000000
[8] 00000003
[9] 00000007
[10] 00000000
[11] 00000000
[12] 00000000
[13] 00000000
[14] 00000000
[15] 00000000
[16] 00000067
[17] 00000000
[18] 00000000
[19] 00000000
[20] 00000000
[21] 00000000
[22] 00000000
[23] 00000000
[24] 00000000
[25] 00000000
[26] 00000000
[27] 00000000
[28] 00000000
[29] 00000000
[30] 00000000
[31] 00000000
Memory I/O: 

Cycle  30
PC: 001C
Instruction: 22100001
Registers:
[0] 00000000
[1] 00000000
[2] 00000000
[3] 00000000
[4] 00000000
[5] 00000000
[6] 00000000
[7] 00000000
[8] 00000003
[9] 00000007
[10] 00000000
[11] 00000000
[12] 00000000
[13] 00000000
[14] 00000000
[15] 00000000
[16] 00000067
[17] 00000000
[18] 00000000
[19] 00000000
[20] 00000000
[21] 00000000
[22] 00000000
[23] 00000000
[24] 00000000
[25] 00000000
[26] 00000000
[27] 00000000
[28] 00000000
[29] 00000000
[30] 00000000
[31] 00000000
Memory I/O: 

Cycle  31
PC: 0020
Instruction: 08000003
Registers:
[0] 00000000
[1] 00000000
[2] 00000000
[3] 00000000
[4] 00000000
[5] 00000000
[6] 00000000
[7] 00000000
[8] 00000003
[9] 00000007
[10] 00000000
[11] 00000000
[12] 00000000
[13] 00000000
[14] 00000000
[15] 00000000
[16] 00000067
[17] 00000000
[18] 00000000
[19] 00000000
[20] 00000000
[21] 00000000
[22] 00000000
[23] 00000000
[24] 00000000
[25] 00000000
[26] 00000000
[27] 00000000
[28] 00000000
[29] 00000000
[30] 00000000
[31] 00000000
Memory I/O: 

Cycle  32
PC: 000C
Instruction: a2080000
Registers:
[0] 00000000
[1] 00000000
[2] 00000000
[3] 00000000
[4] 00000000
[5] 00000000
[6] 00000000
[7] 00000000
[8] 00000003
[9] 00000007
[10] 00000000
[11] 00000000
[12] 00000000
[13] 00000000
[14] 00000000
[15] 00000000
[16] 00000067
[17] 00000000
[18] 00000000
[19] 00000000
[20] 00000000
[21] 00000000
[22] 00000000
[23] 00000000
[24] 00000000
[25] 00000000
[26] 00000000
[27] 00000000
[28] 00000000
[29] 00000000
[30] 00000000
[31] 00000000
Memory I/O: 

Cycle  33
PC: 0010
Instruction: 11090005
Registers:
[0] 00000000
[1] 00000000
[2] 00000000
[3] 00000000
[4] 00000000
[5] 00000000
[6] 00000000
[7] 00000000
[8] 00000004
[9] 00000007
[10] 00000000
[11] 00000000
[12] 00000000
[13] 00000000
[14] 00000000
[15] 00000000
[16] 00000067
[17] 00000000
[18] 00000000
[19] 00000000
[20] 00000000
[21] 00000000
[22] 00000000
[23] 00000000
[24] 00000000
[25] 00000000
[26] 00000000
[27] 00000000
[28] 00000000
[29] 00000000
[30] 00000000
[31] 00000000
Memory I/O: 

Cycle  34
PC: 0010
Instruction: 11090005
Registers:
[0] 00000000
[1] 00000000
[2] 00000000
[3] 00000000
[4] 00000000
[5] 00000000
[6] 00000000
[7] 00000000
[8] 00000004
[9] 00000007
[10] 00000000
[11] 00000000
[12] 00000000
[13] 00000000
[14] 00000000
[15] 00000000
[16] 00000068
[17] 00000000
[18] 00000000
[19] 00000000
[20] 00000000
[21] 00000000
[22] 00000000
[23] 00000000
[24] 00000000
[25] 00000000
[26] 00000000
[27] 00000000
[28] 00000000
[29] 00000000
[30] 00000000
[31] 00000000
Memory I/O: 

Cycle  35
PC: 0014
Instruction: 00000000
Registers:
[0] 00000000
[1] 00000000
[2] 00000000
[3] 00000000
[4] 00000000
[5] 00000000
[6] 00000000
[7] 00000000
[8] 00000004
[9] 00000007
[10] 00000000
[11] 00000000
[12] 00000000
[13] 00000000
[14] 00000000
[15] 00000000
[16] 00000068
[17] 00000000
[18] 00000000
[19] 00000000
[20] 00000000
[21] 00000000
[22] 00000000
[23] 00000000
[24] 00000000
[25] 00000000
[26] 00000000
[27] 00000000
[28] 00000000
[29] 00000000
[30] 00000000
[31] 00000000
Memory I/O: W 1 0067 04

Cycle  36
PC: 0018
Instruction: 21080001
Registers:
[0] 00000000
[1] 00000000
[2] 00000000
[3] 00000000
[4] 00000000
[5] 00000000
[6] 00000000
[7] 00000000
[8] 00000004
[9] 00000007
[10] 00000000
[11] 00000000
[12] 00000000
[13] 00000000
[14] 00000000
[15] 00000000
[16] 00000068
[17] 00000000
[18] 00000000
[19] 00000000
[20] 00000000
[21] 00000000
[22] 00000000
[23] 00000000
[24] 00000000
[25] 00000000
[26] 00000000
[27] 00000000
[28] 00000000
[29] 00000000
[30] 00000000
[31] 00000000
Memory I/O: 

Cycle  37
PC: 001C
Instruction: 22100001
Registers:
[0] 00000000
[1] 00000000
[2] 00000000
[3] 00000000
[4] 00000000
[5] 00000000
[6] 00000000
[7] 00000000
[8] 00000004
[9] 00000007
[10] 00000000
[11] 00000000
[12] 00000000
[13] 00000000
[14] 00000000
[15] 00000000
[16] 00000068
[17] 00000000
[18] 00000000
[19] 00000000
[20] 00000000
[21] 00000000
[22] 00000000
[23] 00000000
[24] 00000000
[25] 00000000
[26] 00000000
[27] 00000000
[28] 00000000
[29] 00000000
[30] 00000000
[31] 00000000
Memory I/O: 

Cycle  38
PC: 0020
Instruction: 08000003
Registers:
[0] 00000000
[1] 00000000
[2] 00000000
[3] 00000000
[4] 00000000
[5] 00000000
[6] 00000000
[7] 00000000
[8] 00000004
[9] 00000007
[10] 00000000
[11] 00000000
[12] 00000000
[13] 00000000
[14] 00000000
[15] 00000000
[16] 00000068
[17] 00000000
[18] 00000000
[19] 00000000
[20] 00000000
[21] 00000000
[22] 00000000
[23] 00000000
[24] 00000000
[25] 00000000
[26] 00000000
[27] 00000000
[28] 00000000
[29] 00000000
[30] 00000000
[31] 00000000
Memory I/O: 

Cycle  39
PC: 000C
Instruction: a2080000
Registers:
[0] 00000000
[1] 00000000
[2] 00000000
[3] 00000000
[4] 00000000
[5] 00000000
[6] 00000000
[7] 00000000
[8] 00000004
[9] 00000007
[10] 00000000
[11] 00000000
[12] 00000000
[13] 00000000
[14] 00000000
[15] 00000000
[16] 00000068
[17] 00000000
[18] 00000000
[19] 00000000
[20] 00000000
[21] 00000000
[22] 00000000
[23] 00000000
[24] 00000000
[25] 00000000
[26] 00000000
[27] 00000000
[28] 00000000
[29] 00000000
[30] 00000000
[31] 00000000
Memory I/O: 

Cycle  40
PC: 0010
Instruction: 11090005
Registers:
[0] 00000000
[1] 00000000
[2] 00000000
[3] 00000000
[4] 00000000
[5] 00000000
[6] 00000000
[7] 00000000
[8] 00000005
[9] 00000007
[10] 00000000
[11] 00000000
[12] 00000000
[13] 00000000
[14] 00000000
[15] 00000000
[16] 00000068
[17] 00000000
[18] 00000000
[19] 00000000
[20] 00000000
[21] 00000000
[22] 00000000
[23] 00000000
[24] 00000000
[25] 00000000
[26] 00000000
[27] 00000000
[28] 00000000
[29] 00000000
[30] 00000000
[31] 00000000
Memory I/O: 

Cycle  41
PC: 0010
Instruction: 11090005
Registers:
[0] 00000000
[1] 00000000
[2] 00000000
[3] 00000000
[4] 00000000
[5] 00000000
[6] 00000000
[7] 00000000
[8] 00000005
[9] 00000007
[10] 00000000
[11] 00000000
[12] 00000000
[13] 00000000
[14] 00000000
[15] 00000000
[16] 00000069
[17] 00000000
[18] 00000000
[19] 00000000
[20] 00000000
[21] 00000000
[22] 00000000
[23] 00000000
[24] 00000000
[25] 00000000
[26] 00000000
[27] 00000000
[28] 00000000
[29] 00000000
[30] 00000000
[31] 00000000
Memory I/O: 

Cycle  42
PC: 0014
Instruction: 00000000
Registers:
[0] 00000000
[1] 00000000
[2] 00000000
[3] 00000000
[4] 00000000
[5] 00000000
[6] 00000000
[7] 00000000
[8] 00000005
[9] 00000007
[10] 00000000
[11] 00000000
[12] 00000000
[13] 00000000
[14] 00000000
[15] 00000000
[16] 00000069
[17] 00000000
[18] 00000000
[19] 00000000
[20] 00000000
[21] 00000000
[22] 00000000
[23] 00000000
[24] 00000000
[25] 00000000
[26] 00000000
[27] 00000000
[28] 00000000
[29] 00000000
[30] 00000000
[31] 00000000
Memory I/O: W 1 0068 05

Cycle  43
PC: 0018
Instruction: 21080001
Registers:
[0] 00000000
[1] 00000000
[2] 00000000
[3] 00000000
[4] 00000000
[5] 00000000
[6] 00000000
[7] 00000000
[8] 00000005
[9] 00000007
[10] 00000000
[11] 00000000
[12] 00000000
[13] 00000000
[14] 00000000
[15] 00000000
[16] 00000069
[17] 00000000
[18] 00000000
[19] 00000000
[20] 00000000
[21] 00000000
[22] 00000000
[23] 00000000
[24] 00000000
[25] 00000000
[26] 00000000
[27] 00000000
[28] 00000000
[29] 00000000
[30] 00000000
[31] 00000000
Memory I/O: 

Cycle  44
PC: 001C
Instruction: 22100001
Registers:
[0] 00000000
[1] 00000000
[2] 00000000
[3] 00000000
[4] 00000000
[5] 00000000
[6] 00000000
[7] 00000000
[8] 00000005
[9] 00000007
[10] 00000000
[11] 00000000
[12] 00000000
[13] 00000000
[14] 00000000
[15] 00000000
[16] 00000069
[17] 00000000
[18] 00000000
[19] 00000000
[20] 00000000
[21] 00000000
[22] 00000000
[23] 00000000
[24] 00000000
[25] 00000000
[26] 00000000
[27] 00000000
[28] 00000000
[29] 00000000
[30] 00000000
[31] 00000000
Memory I/O: 

Cycle  45
PC: 0020
Instruction: 08000003
Registers:
[0] 00000000
[1] 00000000
[2] 00000000
[3] 00000000
[4] 00000000
[5] 00000000
[6] 00000000
[7] 00000000
[8] 00000005
[9] 00000007
[10] 00000000
[11] 00000000
[12] 00000000
[13] 00000000
[14] 00000000
[15] 00000000
[16] 00000069
[17] 00000000
[18] 00000000
[19] 00000000
[20] 00000000
[21] 00000000
[22] 00000000
[23] 00000000
[24] 00000000
[25] 00000000
[26] 00000000
[27] 00000000
[28] 00000000
[29] 00000000
[30] 00000000
[31] 00000000
Memory I/O: 

Cycle  46
PC: 000C
Instruction: a2080000
Registers:
[0] 00000000
[1] 00000000
[2] 00000000
[3] 00000000
[4] 00000000
[5] 00000000
[6] 00000000
[7] 00000000
[8] 00000005
[9] 00000007
[10] 00000000
[11] 00000000
[12] 00000000
[13] 00000000
[14] 00000000
[15] 00000000
[16] 00000069
[17] 00000000
[18] 00000000
[19] 00000000
[20] 00000000
[21] 00000000
[22] 00000000
[23] 00000000
[24] 00000000
[25] 00000000
[26] 00000000
[27] 00000000
[28] 00000000
[29] 00000000
[30] 00000000
[31] 00000000
Memory I/O: 

Cycle  47
PC: 0010
Instruction: 11090005
Registers:
[0] 00000000
[1] 00000000
[2] 00000000
[3] 00000000
[4] 00000000
[5] 00000000
[6] 00000000
[7] 00000000
[8] 00000006
[9] 00000007
[10] 00000000
[11] 00000000
[12] 00000000
[13] 00000000
[14] 00000000
[15] 00000000
[16] 00000069
[17] 00000000
[18] 00000000
[19] 00000000
[20] 00000000
[21] 00000000
[22] 00000000
[23] 00000000
[24] 00000000
[25] 00000000
[26] 00000000
[27] 00000000
[28] 00000000
[29] 00000000
[30] 00000000
[31] 00000000
Memory I/O: 

Cycle  48
PC: 0010
Instruction: 11090005
Registers:
[0] 00000000
[1] 00000000
[2] 00000000
[3] 00000000
[4] 00000000
[5] 00000000
[6] 00000000
[7] 00000000
[8] 00000006
[9] 00000007
[10] 00000000
[11] 00000000
[12] 00000000
[13] 00000000
[14] 00000000
[15] 00000000
[16] 0000006A
[17] 00000000
[18] 00000000
[19] 00000000
[20] 00000000
[21] 00000000
[22] 00000000
[23] 00000000
[24] 00000000
[25] 00000000
[26] 00000000
[27] 00000000
[28] 00000000
[29] 00000000
[30] 00000000
[31] 00000000
Memory I/O: 

Cycle  49
PC: 0014
Instruction: 00000000
Registers:
[0] 00000000
[1] 00000000
[2] 00000000
[3] 00000000
[4] 00000000
[5] 00000000
[6] 00000000
[7] 00000000
[8] 00000006
[9] 00000007
[10] 00000000
[11] 00000000
[12] 00000000
[13] 00000000
[14] 00000000
[15] 00000000
[16] 0000006A
[17] 00000000
[18] 00000000
[19] 00000000
[20] 00000000
[21] 00000000
[22] 00000000
[23] 00000000
[24] 00000000
[25] 00000000
[26] 00000000
[27] 00000000
[28] 00000000
[29] 00000000
[30] 00000000
[31] 00000000
Memory I/O: W 1 0069 06

Cycle  50
PC: 0018
Instruction: 21080001
Registers:
[0] 00000000
[1] 00000000
[2] 00000000
[3] 00000000
[4] 00000000
[5] 00000000
[6] 00000000
[7] 00000000
[8] 00000006
[9] 00000007
[10] 00000000
[11] 00000000
[12] 00000000
[13] 00000000
[14] 00000000
[15] 00000000
[16] 0000006A
[17] 00000000
[18] 00000000
[19] 00000000
[20] 00000000
[21] 00000000
[22] 00000000
[23] 00000000
[24] 00000000
[25] 00000000
[26] 00000000
[27] 00000000
[28] 00000000
[29] 00000000
[30] 00000000
[31] 00000000
Memory I/O: 

Cycle  51
PC: 001C
Instruction: 22100001
Registers:
[0] 00000000
[1] 00000000
[2] 00000000
[3] 00000000
[4] 00000000
[5] 00000000
[6] 00000000
[7] 00000000
[8] 00000006
[9] 00000007
[10] 00000000
[11] 00000000
[12] 00000000
[13] 00000000
[14] 00000000
[15] 00000000
[16] 0000006A
[17] 00000000
[18] 00000000
[19] 00000000
[20] 00000000
[21] 00000000
[22] 00000000
[23] 00000000
[24] 00000000
[25] 00000000
[26] 00000000
[27] 00000000
[28] 00000000
[29] 00000000
[30] 00000000
[31] 00000000
Memory I/O: 

Cycle  52
PC: 0020
Instruction: 08000003
Registers:
[0] 00000000
[1] 00000000
[2] 00000000
[3] 00000000
[4] 00000000
[5] 00000000
[6] 00000000
[7] 00000000
[8] 00000006
[9] 00000007
[10] 00000000
[11] 00000000
[12] 00000000
[13] 00000000
[14] 00000000
[15] 00000000
[16] 0000006A
[17] 00000000
[18] 00000000
[19] 00000000
[20] 00000000
[21] 00000000
[22] 00000000
[23] 00000000
[24] 00000000
[25] 00000000
[26] 00000000
[27] 00000000
[28] 00000000
[29] 00000000
[30] 00000000
[31] 00000000
Memory I/O: 

Cycle  53
PC: 000C
Instruction: a2080000
Registers:
[0] 00000000
[1] 00000000
[2] 00000000
[3] 00000000
[4] 00000000
[5] 00000000
[6] 00000000
[7] 00000000
[8] 00000006
[9] 00000007
[10] 00000000
[11] 00000000
[12] 00000000
[13] 00000000
[14] 00000000
[15] 00000000
[16] 0000006A
[17] 00000000
[18] 00000000
[19] 00000000
[20] 00000000
[21] 00000000
[22] 00000000
[23] 00000000
[24] 00000000
[25] 00000000
[26] 00000000
[27] 00000000
[28] 00000000
[29] 00000000
[30] 00000000
[31] 00000000
Memory I/O: 

Cycle  54
PC: 0010
Instruction: 11090005
Registers:
[0] 00000000
[1] 00000000
[2] 00000000
[3] 00000000
[4] 00000000
[5] 00000000
[6] 00000000
[7] 00000000
[8] 00000007
[9] 00000007
[10] 00000000
[11] 00000000
[12] 00000000
[13] 00000000
[14] 00000000
[15] 00000000
[16] 0000006A
[17] 00000000
[18] 00000000
[19] 00000000
[20] 00000000
[21] 00000000
[22] 00000000
[23] 00000000
[24] 00000000
[25] 00000000
[26] 00000000
[27] 00000000
[28] 00000000
[29] 00000000
[30] 00000000
[31] 00000000
Memory I/O: 

Cycle  55
PC: 0010
Instruction: 11090005
Registers:
[0] 00000000
[1] 00000000
[2] 00000000
[3] 00000000
[4] 00000000
[5] 00000000
[6] 00000000
[7] 00000000
[8] 00000007
[9] 00000007
[10] 00000000
[11] 00000000
[12] 00000000
[13] 00000000
[14] 00000000
[15] 00000000
[16] 0000006B
[17] 00000000
[18] 00000000
[19] 00000000
[20] 00000000
[21] 00000000
[22] 00000000
[23] 00000000
[24] 00000000
[25] 00000000
[26] 00000000
[27] 00000000
[28] 00000000
[29] 00000000
[30] 00000000
[31] 00000000
Memory I/O: 

Cycle  56
PC: 0010
Instruction: 11090005
Registers:
[0] 00000000
[1] 00000000
[2] 00000000
[3] 00000000
[4] 00000000
[5] 00000000
[6] 00000000
[7] 00000000
[8] 00000007
[9] 00000007
[10] 00000000
[11] 00000000
[12] 00000000
[13] 00000000
[14] 00000000
[15] 00000000
[16] 0000006B
[17] 00000000
[18] 00000000
[19] 00000000
[20] 00000000
[21] 00000000
[22] 00000000
[23] 00000000
[24] 00000000
[25] 00000000
[26] 00000000
[27] 00000000
[28] 00000000
[29] 00000000
[30] 00000000
[31] 00000000
Memory I/O: W 1 006A 07

Cycle  57
PC: 002C
Instruction: 8c0b0068
Registers:
[0] 00000000
[1] 00000000
[2] 00000000
[3] 00000000
[4] 00000000
[5] 00000000
[6] 00000000
[7] 00000000
[8] 00000007
[9] 00000007
[10] 00000000
[11] 00000000
[12] 00000000
[13] 00000000
[14] 00000000
[15] 00000000
[16] 0000006B
[17] 00000000
[18] 00000000
[19] 00000000
[20] 00000000
[21] 00000000
[22] 00000000
[23] 00000000
[24] 00000000
[25] 00000000
[26] 00000000
[27] 00000000
[28] 00000000
[29] 00000000
[30] 00000000
[31] 00000000
Memory I/O: 

Cycle  58
PC: 0030
Instruction: 1000ffff
Registers:
[0] 00000000
[1] 00000000
[2] 00000000
[3] 00000000
[4] 00000000
[5] 00000000
[6] 00000000
[7] 00000000
[8] 00000007
[9] 00000007
[10] 00000000
[11] 00000005
[12] 00000000
[13] 00000000
[14] 00000000
[15] 00000000
[16] 0000006B
[17] 00000000
[18] 00000000
[19] 00000000
[20] 00000000
[21] 00000000
[22] 00000000
[23] 00000000
[24] 00000000
[25] 00000000
[26] 00000000
[27] 00000000
[28] 00000000
[29] 00000000
[30] 00000000
[31] 00000000
Memory I/O: 

Cycle  59
PC: 0030
Instruction: 1000ffff
Registers:
[0] 00000000
[1] 00000000
[2] 00000000
[3] 00000000
[4] 00000000
[5] 00000000
[6] 00000000
[7] 00000000
[8] 00000007
[9] 00000007
[10] 00000000
[11] 00000005
[12] 00000000
[13] 00000000
[14] 00000000
[15] 00000000
[16] 0000006B
[17] 00000000
[18] 00000000
[19] 00000000
[20] 00000000
[21] 00000000
[22] 00000000
[23] 00000000
[24] 00000000
[25] 00000000
[26] 00000000
[27] 00000000
[28] 00000000
[29] 00000000
[30] 00000000
[31] 00000000
Memory I/O: 

Cycle  60
PC: 0030
Instruction: 1000ffff
Registers:
[0] 00000000
[1] 00000000
[2] 00000000
[3] 00000000
[4] 00000000
[5] 00000000
[6] 00000000
[7] 00000000
[8] 00000007
[9] 00000007
[10] 00000000
[11] 00000005
[12] 00000000
[13] 00000000
[14] 00000000
[15] 00000000
[16] 0000006B
[17] 00000000
[18] 00000000
[19] 00000000
[20] 00000000
[21] 00000000
[22] 00000000
[23] 00000000
[24] 00000000
[25] 00000000
[26] 00000000
[27] 00000000
[28] 00000000
[29] 00000000
[30] 00000000
[31] 00000000
Memory I/O: R 4 0068 00000005

Cycle  61
PC: 0034
Instruction: 00000000
Registers:
[0] 00000000
[1] 00000000
[2] 00000000
[3] 00000000
[4] 00000000
[5] 00000000
[6] 00000000
[7] 00000000
[8] 00000007
[9] 00000007
[10] 00000000
[11] 00000005
[12] 00000000
[13] 00000000
[14] 00000000
[15] 00000000
[16] 0000006B
[17] 00000000
[18] 00000000
[19] 00000000
[20] 00000000
[21] 00000000
[22] 00000000
[23] 00000000
[24] 00000000
[25] 00000000
[26] 00000000
[27] 00000000
[28] 00000000
[29] 00000000
[30] 00000000
[31] 00000000
Memory I/O: 

